1.276884948978533885e-01 -2.651439923465659376e-02 -5.831078573919512564e-03
1.722609082701183070e-01 8.660876476824341808e-03 -2.944690373342950807e-02
1.350475444113214962e-01 4.662754028120730254e-02 -2.886161978574364184e-02
8.147798357077817855e-02 7.928238657470387807e-02 -4.712014219589377717e-02
4.128663131365328809e-02 1.509904706084626014e-01 -4.018386228452186515e-02
4.185337428808111326e-02 2.123935625640172020e-01 -2.553528113267589106e-02
7.890280177886666024e-02 1.927898556521654427e-01 -2.997340400483494705e-02
4.514378913867744814e-02 1.814040193025050485e-01 -2.286643852932002119e-02
5.210070314589643203e-02 2.201502317886649962e-01 -4.749151187698430476e-02
7.844116255438393637e-02 1.853397973727055614e-01 -5.833816510667588773e-02
5.369440490599686200e-02 2.198423203352604105e-01 -7.294537175232562731e-02
6.199112605858658753e-02 1.981868419491092936e-01 -4.010420922401181087e-02
8.420264355606832396e-03 2.122695612792711017e-01 -2.328307871371748661e-02
1.207546293503014567e-02 2.167968067476238048e-01 -2.856202336195678981e-02
-4.535247220624682996e-02 2.077147092819302543e-01 -6.344328093291551340e-03
-4.275819609628683793e-02 2.446785220903961999e-01 1.195001765037773112e-02
-2.974914588887145328e-02 2.553950991037083895e-01 3.117901042503490316e-02
9.397645416726163603e-03 2.547441951618338862e-01 4.452355559428156084e-02
2.062259384982212396e-02 2.534782694680757231e-01 5.608360482946750381e-02
5.729237216846172487e-02 2.526353635705902434e-01 4.391743636091405278e-02
7.781296155451400409e-02 1.629729872971097393e-01 7.207589288674398631e-02
5.917557994510502795e-02 1.618545130911570595e-01 8.411074325636036519e-02
2.066614411069167545e-02 1.401739650260083181e-01 8.061868653317105782e-02
2.888975280035310789e-02 1.450670438725296663e-01 4.920531315173093390e-02
8.916682849587687087e-03 1.617703052300214495e-01 2.557316696345424134e-02
4.265582090297925788e-02 1.536972393118105629e-01 7.522255300671076839e-02
4.961315736656501940e-02 1.367404188029013312e-01 8.656280786016168349e-02
1.443487228355024854e-01 9.129050320396459028e-02 5.927925571091918755e-02
1.187461943165999401e-01 9.325460008770392051e-02 7.226074828986384091e-02
1.108686833584329179e-01 8.473739857444684276e-02 7.635774930622574175e-02
1.222680319466462606e-01 6.613587010730270777e-02 7.435294706945683174e-02
6.455310120546187136e-02 4.975126890974479466e-02 3.719845043482905567e-02
9.531215621782962444e-02 5.458723331105375109e-02 9.011567062856329358e-03
1.196681651695143955e-01 8.027907018268365391e-02 -1.963230371245572314e-03
6.653022221991022889e-02 9.759719884155515501e-02 2.712465083681081524e-02
5.552253814235541540e-02 9.102919768835704417e-02 2.769842589958670942e-02
4.131365349709881230e-02 9.188619637518513628e-02 -2.676770881370771349e-02
3.467621870890980063e-02 2.540221617999804948e-02 -3.115114222774195696e-02
-5.653114294233319015e-03 2.114423825361200215e-03 -1.040006057442610654e-02
-2.013869535380763409e-02 -9.053027947743430559e-03 7.626558913727876643e-03
1.132293982290661916e-01 1.050183992191477955e-03 2.658394822503851174e-02
1.496405566456360248e-03 1.680168517506785975e-02 -9.736070038371735791e-03
-2.498389460470207268e-05 -6.033653965801022423e-03 -2.428019948175119680e-02
-2.755289083853540433e-02 -2.986361107457469188e-02 -2.080760942473602881e-02
-5.325780869611662638e-02 -7.692867717707940756e-03 -1.285541465574624453e-02
-6.181588132409387981e-02 -6.016984772389832870e-02 2.470914298990578573e-02
-8.814838227974064466e-02 -2.649509689504725429e-02 4.483888906048605349e-02
-1.000769251934343629e-01 -2.408992848452840008e-02 8.581039943851465068e-02
-9.427461488621702301e-02 -1.431872008734558221e-02 1.025877285417777784e-01
-1.361409913836268970e-01 8.075195550719627136e-02 6.380005350169426492e-02
-9.435162147639175600e-02 5.810238441196702297e-02 7.411192708130442952e-02
-8.716938474452717855e-02 8.686128677737769976e-02 8.821310701785023412e-02
-4.713926639340115798e-02 5.623205425601440766e-02 7.289403505953373497e-02
-8.396990630583900383e-02 8.183975926914399679e-02 6.673006546037640874e-02
-1.046502491628018561e-01 1.134947578161984438e-01 7.554360748244448587e-02
-1.228794339070589103e-01 1.206743249053943146e-01 1.248135383878832272e-01
-1.409804617149745809e-01 1.924567999486725967e-01 1.358158031951290923e-01
-1.696869136515601895e-01 2.091558166362972315e-01 1.384545834842185741e-01
-1.842997192570123843e-01 2.348330770664119882e-01 1.418973218871428799e-01
-2.073930040915570316e-01 2.976996695074944910e-01 1.628227512276225752e-01
-1.980002145043329165e-01 3.032398142957504206e-01 1.761224986683487259e-01
-2.016722603781602174e-01 2.326011552940201454e-01 1.552909890448290753e-01
-2.094039942965935097e-01 2.299305164058011997e-01 1.564832529347768286e-01
-1.993604235092618637e-01 2.656317478426615253e-01 1.591867703731395522e-01
-2.190026798642463746e-01 3.078672026184960941e-01 1.349746984539308414e-01
-2.178771742289598023e-01 3.119890193246135368e-01 1.255244662675067957e-01
-1.860299885729546077e-01 2.864606934811888550e-01 1.308033293084633897e-01
-1.536545984632198270e-01 2.810373810486339607e-01 1.360159202268675926e-01
-7.996137432817818080e-02 2.148356443601926458e-01 1.183226334908340505e-01
-3.709209596519258412e-02 2.073616742555657311e-01 1.415333140627410557e-01
-5.177273027311457554e-02 2.022070540670029004e-01 1.619367285601640560e-01
-6.280943896794610737e-02 1.849834393581488712e-01 1.069718133439323537e-01
-5.498330074988189153e-02 1.987481263258530362e-01 1.065332693538607600e-01
-2.594128294242636912e-02 1.936021082882461997e-01 1.357790023131144608e-01
5.431997570792646002e-02 2.144842210465753851e-01 1.221820840716816292e-01
9.495882593839155561e-02 2.083562335160422663e-01 1.171722846357567960e-01
1.381482523123054307e-01 1.933663727685654976e-01 1.394326644473835586e-01
9.695031246323537744e-02 1.879000753076240926e-01 1.423779025352018834e-01
6.368866573012610388e-02 1.952315061518277162e-01 1.360152611566149972e-01
7.557890103615250155e-02 1.728771258410972678e-01 1.252236287319590247e-01
9.694774693352314898e-02 1.851449623988798976e-01 1.018853844421414578e-01
1.042880771595378064e-01 2.560949848181905963e-01 1.215611298619307945e-01
1.150684983627741076e-01 2.490040290408899182e-01 1.250935231693688365e-01
1.600003531535776347e-01 1.834741458504254297e-01 1.402865124532581831e-01
1.583965406521770092e-01 1.815908246654771574e-01 1.443752703435450258e-01
1.332851183429397679e-01 1.815100941164473625e-01 1.357309569164328877e-01
1.584584124199466260e-01 1.500652273508649159e-01 1.598651771473384997e-01
1.286076790428012373e-01 1.777935268558792359e-01 1.549286851391116215e-01
1.062606797420073690e-01 1.455832282283608947e-01 1.462301134716597062e-01
6.950819671226327046e-02 1.620844352632673235e-01 1.828092151239673058e-01
6.095927589677785363e-02 1.682797890354663650e-01 1.964816487806615442e-01
7.349537354298263381e-02 1.172598350437681347e-01 1.910822056047720707e-01
8.737056088179429025e-02 9.704881349190941364e-02 1.765944701386672477e-01
7.682712774166589043e-02 8.351518710585992267e-02 1.573877237992746814e-01
7.980654948536880511e-02 5.672201658961739668e-02 1.626646326610057258e-01
3.204520161210666629e-02 7.658923985019328029e-02 1.707443516261548666e-01
2.489026199111776805e-02 8.933552369867925336e-02 1.705692569003929293e-01
4.065092727159935748e-02 8.586665608601151689e-02 1.640429331581287897e-01
6.780253173144501488e-02 8.285133880156081432e-02 1.393510859145692393e-01
6.523677330341115521e-02 8.950133329119580594e-02 1.084129095781918295e-01
8.505462596389179453e-02 5.846326452586936284e-02 1.100836317550033527e-01
1.025228327136460393e-01 5.431203394559247499e-02 1.086706173682614462e-01
1.639860447551768630e-01 3.648635291278878867e-02 1.166165054434600279e-01
1.918113468787225884e-01 2.544048527585118791e-02 1.102072751269531636e-01
2.079901111923447843e-01 9.689141794638089777e-03 9.199596185737846099e-02
1.821715308211651063e-01 2.744544359774181430e-02 5.745575939010905131e-02
1.814381017800030804e-01 4.708335163113019917e-02 4.533291807862838141e-02
1.789353892953329250e-01 5.272572932244656840e-02 4.445416606063190557e-02
1.880399187964485463e-01 2.627942503863778256e-02 3.585127204979698945e-02
1.915141067645436124e-01 5.304048674639716410e-02 1.369940286838300381e-02
1.757640440087868683e-01 4.604845697642190316e-02 -2.380174414554403484e-02
1.964621229013232551e-01 3.783598321061276692e-02 -3.975381262577570851e-02
1.837245928722666122e-01 3.474367155607183122e-02 -3.851533097633819125e-02
1.616799975176661519e-01 6.658985470383527172e-02 -3.349149600478540378e-02
1.562382610937902427e-01 4.789369575490809439e-02 -4.874973076636024416e-02
1.483628273772410466e-01 1.909862628988889810e-02 -2.072675466018836232e-02
1.154213528931222754e-01 1.374814405951951812e-02 -3.911716064109782565e-02
1.079558208640207795e-01 8.148750561161932637e-03 -3.959336244946598526e-02
1.100420788813210038e-01 1.729283788529301091e-02 -4.775045731435056950e-03
5.956621366038916676e-02 1.396037425263330078e-02 4.609495691579468257e-02
3.792824307572573161e-02 1.133479705143258798e-02 1.358397802900412898e-02
4.348351826257612629e-02 1.546081821874167872e-02 2.293485039777465317e-02
5.974769324663498082e-02 9.859944553369359710e-03 1.178382301583269509e-02
4.475694656264295190e-03 -2.019198366500063457e-02 4.792823594908668383e-02
-1.148671496252973157e-03 -4.637744090433670863e-02 6.647392885093950099e-02
-3.145656168527466434e-03 -7.479780750705344872e-02 5.681379078635018232e-02
8.168939083265058798e-02 -5.982396300981918102e-02 7.751607269096894015e-02
7.836146052687809060e-02 -3.042657550867033933e-02 5.568345026190968383e-02
5.407614628202850326e-02 -4.188350161592779841e-02 8.660794717459907588e-02
-1.065009295331265093e-03 -2.261571023933584001e-02 1.043408439580275626e-01
-4.069229395639695213e-03 -2.854104860520578768e-02 9.885046408223274739e-02
-2.010287210606520603e-02 -3.230525851972743112e-02 1.088494551354131090e-01
-9.728772017382425474e-03 -6.659409798015758497e-02 1.235812313948372321e-01
1.426923698005566621e-03 -7.485824421726761102e-02 1.270303902550722341e-01
8.056525690619764646e-03 -6.809443237807499827e-02 1.442057294372887100e-01
1.122759473321366386e-02 -4.302757216478880764e-02 1.471721658189721893e-01
5.604448762824176811e-03 -6.534680073923482269e-02 1.972910076947869129e-01
2.853942823264787876e-03 -8.204506076623374611e-02 2.293281679062033618e-01
3.981058229254585967e-02 -9.899353715798042685e-02 2.170016082039580851e-01
7.515394677844255966e-02 -1.275509891091815007e-01 2.229957490838216927e-01
4.975690498628182468e-02 -1.358102557857989723e-01 2.054145957215212093e-01
8.006586687889694076e-02 -8.936545685668306760e-02 2.363356593610319578e-01
1.076685788750353368e-01 -1.079692796861309034e-01 2.443801522878743526e-01
1.269706785762991785e-01 -1.175529005123507886e-01 2.637084309993156239e-01
1.229761680756382702e-01 -1.065498673076774594e-01 2.680174403388377868e-01
1.086879298109977299e-01 -9.645271308752967343e-02 2.533052559793702585e-01
1.180616770300559892e-01 -1.010858580078775049e-01 2.575453618612471018e-01
1.360782719541759889e-01 -9.914690785447533017e-02 2.622653879408005650e-01
1.489487369121604843e-01 -1.234621694076452059e-01 2.956771358309424613e-01
1.618921592412050359e-01 -1.473153264369670978e-01 3.086961292430601134e-01
1.972125053789000049e-01 -1.526119561313521444e-01 3.018347236199758754e-01
2.369319319799103596e-01 -1.227154905455734024e-01 2.511441664510698502e-01
2.506604011310855640e-01 -1.151153142197642865e-01 2.393889963557001010e-01
3.140167388713450691e-01 -1.092411417639027604e-01 2.092692467300310000e-01
3.182641855277381637e-01 -9.439410154138272446e-02 2.266822397252497012e-01
3.302036662164198333e-01 -9.010893634902572558e-02 2.104848721633629793e-01
3.004331393520374149e-01 -1.136110915934409604e-01 2.188446806969466252e-01
3.255748617108622511e-01 -6.839578074743712932e-02 1.840805835720118466e-01
3.419672801367710235e-01 -1.047301289938786795e-01 1.329761108100910860e-01
3.646206771360880339e-01 -6.317987222377041689e-02 1.172475721554917527e-01
3.979588164241363302e-01 -2.705689929314303299e-02 1.132019376445896341e-01
3.731821046950472009e-01 -2.924792387784691527e-02 8.401141767183162301e-02
3.871305105062106122e-01 -1.728779846118300156e-02 1.327510210151103820e-01
3.903722302632957053e-01 -1.101653621040554754e-02 1.595150587174600787e-01
3.762053724220209006e-01 -2.240145639325419324e-02 1.350583271913023964e-01
3.803895530302838779e-01 -7.132831597942868029e-03 9.358743141291370193e-02
3.942675478352271057e-01 -4.490348018748591130e-05 7.804601075565642532e-02
3.897074347664784000e-01 -1.426064954134176332e-02 9.908551431041701107e-02
4.051847128731935754e-01 -4.800828928682676633e-02 8.469103165390379218e-02
4.284360513534295478e-01 -7.105352517027085923e-02 1.232030939110870804e-01
3.811950773293517614e-01 -4.522043135500553035e-02 1.108783361341068030e-01
3.888111306164603320e-01 -5.626645344855774056e-02 1.249138847314839040e-01
3.932651466650725069e-01 -4.521330819181912375e-02 1.014186545300219677e-01
3.471190458104729260e-01 -2.371737512984850582e-02 1.104655965266374551e-01
3.699194195076245251e-01 -1.369174190634225852e-02 1.384360927280283704e-01
3.611789264700178137e-01 -4.143669664543381259e-02 1.438376496306261743e-01
3.516424633496626484e-01 -8.536354574488314029e-02 1.574805855929923837e-01
3.434266800133798370e-01 -8.469231556753697987e-02 1.559793396267252774e-01
3.578098184544558080e-01 -1.111450952579957629e-01 1.510308712371966067e-01
3.479888906304040574e-01 -1.022696275163639257e-01 1.689878210863184904e-01
3.288403028703896780e-01 -1.062484785475703575e-01 1.854240851089627995e-01
3.359920834378726795e-01 -1.063720600405133609e-01 1.530515612495264577e-01
3.567110659116679017e-01 -1.180071752630738047e-01 1.364471611759086045e-01
3.409824599949615731e-01 -1.094106433451997873e-01 1.054655512401154738e-01
3.202446795678781655e-01 -1.214850031112177930e-01 8.982796433579665063e-02
3.038904077154995775e-01 -9.063761325700170346e-02 1.024345153241768003e-01
3.226194924570222611e-01 -3.384127617655963149e-02 1.251381065244174806e-01
2.916405701538167250e-01 1.206242832759585326e-02 1.256147757579242352e-01
2.951921858122830145e-01 2.661420897652533313e-02 1.072734478643724287e-01
3.111256331943934583e-01 1.078568918924815989e-02 7.416444806705158044e-02
3.154870274650818374e-01 2.166691713745194647e-02 7.361964981114965667e-02
3.266363996819166005e-01 2.920409119255396035e-02 9.271363459529879947e-02
3.300886618139600159e-01 5.342490966629043214e-02 8.151441489096100668e-02
3.483186400370357205e-01 5.402425955725220774e-02 9.930954108486389487e-02
3.731400380495699665e-01 4.836642635888210862e-02 8.794077779413100870e-02
3.680803111810746486e-01 4.674595289841931844e-02 6.425384578804482771e-02
3.436728647833433570e-01 8.232687317050135789e-02 2.326272023552178325e-02
3.438888460109978951e-01 7.999952959821143850e-02 2.066697025867370030e-02
3.706105100056618085e-01 8.731091665188728257e-02 2.613302992651256318e-02
3.841677527863680552e-01 9.213588951334372723e-02 -6.041873663576780018e-03
3.995618900263480100e-01 1.026618194592288091e-01 2.526559718518228692e-03
3.973484932646726975e-01 1.384515807349089300e-01 -2.142117504433826980e-03
3.910864255714159299e-01 1.273927858487695630e-01 -1.803786364234838402e-02
3.804560999433874713e-01 1.554841417846830609e-01 2.482460168269540191e-02
3.884708173710293977e-01 1.714654209436901056e-01 1.639295649607674932e-02
3.613636992129158898e-01 1.854065471406443066e-01 3.121028314055251940e-02
3.357058815300604238e-01 1.375618284524193768e-01 7.797357126955262174e-02
3.439301470854161380e-01 1.455359013239956312e-01 1.178785452324291327e-01
3.550574216216375589e-01 1.423141600411668151e-01 1.138691564770510922e-01
3.489104890277019422e-01 1.272992719627552560e-01 1.497994775924667010e-01
3.376717505024942056e-01 1.318839274404695061e-01 1.343239999511069982e-01
3.123328602715105262e-01 1.377383769532229962e-01 1.170126987663877571e-01
2.917617721303145117e-01 1.471285488843534495e-01 1.109225050858526629e-01
2.770234173062817717e-01 1.498698156143234428e-01 9.165838534815407002e-02
2.821406869475708845e-01 1.735860211312001411e-01 1.057671021215753626e-01
2.464591830807023598e-01 1.827772485920888812e-01 1.293645345538152469e-01
2.739096815794255235e-01 1.743627932865194907e-01 1.337841954153589086e-01
3.088938975275539178e-01 1.784098278292276518e-01 1.349442073806415010e-01
3.305198736733530041e-01 1.860238247679149026e-01 1.513982818665056129e-01
3.394422101104623835e-01 1.501467310681618983e-01 1.640617209632466711e-01
3.168373270180779855e-01 1.292184352363392463e-01 1.853380769168779807e-01
3.208083018621721294e-01 7.379413338495055541e-02 2.310327369797562369e-01
3.310062757023786162e-01 6.858126372100059598e-02 2.204209581371685545e-01
3.301367943554680551e-01 8.974571184572255333e-02 2.023629065392356097e-01
3.067219782290351304e-01 1.082466987128611891e-01 1.946455307266603540e-01
3.064996653054095077e-01 1.104453711479322919e-01 1.503009352780679819e-01
2.791539869101598015e-01 9.363194530288865280e-02 1.501049337130950789e-01
3.015477453612618319e-01 6.569922941969252861e-02 1.428088621973699901e-01
3.134758380683990708e-01 5.260340768288074287e-02 1.561144009418740097e-01
3.187697199641377210e-01 8.770874295535691090e-02 1.454660322366123637e-01
3.296949684873311526e-01 1.092319593376487319e-01 1.530238518779185597e-01
3.400998729975697188e-01 1.505412139065640531e-01 1.480500146736005718e-01
3.367081440604806630e-01 1.603279503010810458e-01 1.601243196771235944e-01
3.201731680790942391e-01 1.739852583424408294e-01 1.900464098428926718e-01
3.330697253646803802e-01 1.605276436565929998e-01 1.689471139935676547e-01
3.687037185756594226e-01 1.876487882955473196e-01 1.479421538665803837e-01
3.462876088140092179e-01 1.942110760969910643e-01 1.111384837796265401e-01
3.185958448967483037e-01 1.769140255422314567e-01 1.082250602741510193e-01
3.126120620473784584e-01 1.927666908348442121e-01 1.020924075341156367e-01
3.231685933423307233e-01 2.193630537634874145e-01 1.288779944329974114e-01
3.639264942306112971e-01 2.269160374279124426e-01 1.552464687014492029e-01
3.286630620194728181e-01 2.207052019203956661e-01 1.296269172351003363e-01
3.214991908736806181e-01 2.211356698303461599e-01 1.259945707569158913e-01
3.027901260153669227e-01 2.370819043156870976e-01 1.151413323301540004e-01
3.089023914290578432e-01 2.299846840328143571e-01 1.103601688649291646e-01
3.123970059794771714e-01 2.724592762375550592e-01 1.210017357994388476e-01
3.138803065675404014e-01 2.981857301977015595e-01 1.151385361806092078e-01
3.237350035116435265e-01 3.296244291838661411e-01 9.085793991943091896e-02
3.415248927178993199e-01 3.377894452122234270e-01 5.565256938635343431e-02
3.425900911236681168e-01 3.064812757873767168e-01 5.197096559774649904e-02
3.402384412449350748e-01 2.710875344433816281e-01 2.787135748076252639e-02
3.445105670889745397e-01 2.491824646794498221e-01 4.806492708033260897e-02
3.071047448077024455e-01 2.562412313703816835e-01 4.938944168691250525e-02
3.275974678424518061e-01 2.587746447598249233e-01 4.094828402836014902e-02
3.155677410442194741e-01 2.469604772307434359e-01 4.434299161391663802e-02
3.418700015201636688e-01 2.109203659331910785e-01 4.217426166366067264e-02
3.371924436202107245e-01 1.967225385700999141e-01 3.100573476905310599e-02
3.274575830837704871e-01 1.989193983065149496e-01 2.994410905077415919e-02
3.402378005757213941e-01 1.937000461044533495e-01 2.637906381048082949e-02
2.770425150775963630e-01 2.065219614219984123e-01 7.350772513291303767e-03
2.602064893330293671e-01 1.980681993834707555e-01 2.146175941851424795e-02
2.505342334534361726e-01 1.636593138996431662e-01 2.609137091377533579e-02
2.885937276301433485e-01 1.872802166362532716e-01 -3.502470384887601540e-03
2.717046296725698085e-01 1.700226152717334571e-01 3.623927055599551750e-03
2.480258001473032436e-01 1.800498107895123212e-01 3.435760417269762002e-02
2.397241378658634403e-01 2.076324708955041842e-01 7.823936514560614341e-02
2.229780291463896447e-01 1.916203890160090850e-01 6.797250183751657460e-02
2.298153213077398505e-01 1.797027196185467801e-01 7.097273626314404282e-02
2.061357654713731336e-01 1.423190408597463374e-01 6.919844989124612766e-02
1.997756066137696962e-01 1.510948527174491574e-01 4.211119099019811074e-02
1.727054827538268000e-01 1.368575939497702620e-01 8.822195093421214551e-02
1.010999609127907206e-01 1.454118523544423169e-01 9.609429646596368002e-02
1.069905634707595254e-01 1.440385381295357092e-01 1.246323190791258639e-01
1.115800085185298940e-01 1.338797750117066698e-01 1.184497579914136622e-01
8.605927881222896758e-02 8.949595853400182932e-02 1.256446851571695333e-01
7.400169105429199590e-02 8.934628143933309730e-02 1.306127037369151367e-01
6.954128678506776851e-02 6.449382705892503509e-02 1.461345846496442391e-01
8.264563035501737431e-02 8.054379177673354206e-02 1.402836047475375381e-01
4.296645584219049852e-02 8.543857798338194698e-02 1.333341097415257082e-01
9.940033080027887991e-03 1.232333767309512496e-01 1.027117722296395641e-01
-4.742325092422561283e-03 1.306019719753805930e-01 8.020691845217697846e-02
-1.571832504180292744e-02 1.973409501759704199e-01 8.402441351117317936e-02
1.048308754036497703e-03 1.976856412051404277e-01 1.168147464696289717e-01
-2.595739221732173974e-03 2.173839155809673684e-01 1.369708648010714569e-01
-3.355025690868274069e-02 1.886380944481516053e-01 1.464313522383235977e-01
-1.416220214474606109e-02 2.215271579409545666e-01 1.508018971002513808e-01
-3.641769902071700926e-02 2.280761304843963444e-01 1.601017377340383518e-01
-5.253824275825991208e-02 2.466705101869308692e-01 1.723655371949917026e-01
-4.464353823934175125e-02 2.229639332879571612e-01 2.123946866674941703e-01
-5.250399814531192533e-02 2.547176436679023936e-01 1.690593384742555827e-01
-3.660943871244626280e-02 3.107594953425802942e-01 2.016433341044603367e-01
-1.471425863945796664e-02 2.636947491138528221e-01 1.818928585956598454e-01
-3.526243815338148124e-02 2.811311623421204331e-01 1.845665129552003236e-01
-3.640157557600787186e-02 3.169653617351571029e-01 1.839312241207267107e-01
-1.237299845274719701e-02 3.239737057142804133e-01 1.808737914368521160e-01
-6.895298792684911859e-02 3.099560766607964979e-01 1.910303871053713465e-01
-1.125389920580914804e-01 3.114435941249666939e-01 1.377691270425032144e-01
-8.084502369237611674e-02 2.990821858438437175e-01 1.415334832973655921e-01
-7.410473490904223581e-02 3.039139068925749143e-01 1.634204330000841310e-01
-6.132481911279796805e-02 3.001633756059618463e-01 1.672965648537001471e-01
-4.741961116917536856e-02 2.799942143599594147e-01 1.479222850067287709e-01
-6.922780078556911576e-02 2.948755121333022089e-01 1.354819035885554968e-01
-5.937779175309287893e-02 2.844656961017335561e-01 1.225429246368321401e-01
-1.324149089464299323e-02 2.708653670694332050e-01 1.052352097053699254e-01
-4.536581853309940016e-02 2.836081498110161192e-01 8.349561808873318114e-02
-9.683449616534289817e-02 2.434351565502197445e-01 7.404155685475188875e-02
-1.471894743421273688e-01 2.522815435888503544e-01 5.677417372021409392e-02
-1.473654456898998433e-01 2.457098530566099726e-01 4.141959981799914203e-02
-1.627668410785929609e-01 2.212938256304539664e-01 1.302912185940385825e-02
-1.077576197911866984e-01 2.198479633529473176e-01 1.028281975996492292e-02
-9.383959749379755522e-02 2.041591124614967612e-01 5.610524480857748131e-03
-7.803323493124025845e-02 2.029509708997920825e-01 -1.697934489010322068e-02
-8.470781128508519942e-02 1.937174956435399054e-01 -1.130355407426009151e-02
-1.004260828533745098e-01 1.920771970738428536e-01 -2.247456322857033229e-02
-1.176235787291943780e-01 2.009282730614074808e-01 -7.618589351892524064e-03
-1.495131620061158628e-01 1.981983336724226774e-01 1.900214109184616973e-02
-1.601100274028226522e-01 2.234464168595593492e-01 3.128650812962519012e-02
-1.524851593834739560e-01 2.273129141398442243e-01 -7.550916574558641514e-03
-1.677706941109988747e-01 2.326341411277326188e-01 -1.620485487111977818e-02
-1.497857326665723576e-01 2.359275161407481392e-01 1.460181849219566175e-02
-1.485532829883027262e-01 2.221097713103858950e-01 1.704263855569365660e-02
-1.684222912792563420e-01 2.357262347532866897e-01 4.253503926531720936e-02
-2.067558874817621017e-01 2.156608609866452753e-01 6.802169213844422302e-02
-1.999996022285017716e-01 2.146163171896375843e-01 1.020544559285667674e-01
-1.869870789510628128e-01 1.894778765011437827e-01 5.233814125739399969e-02
-2.175856420493005317e-01 1.811654586140605261e-01 4.146138294962042892e-02
-2.105569996154770251e-01 2.027192465444613845e-01 4.411412883587217948e-02
-2.143054645538029490e-01 2.111238612768602252e-01 4.516629853529252614e-02
-1.847139720106554250e-01 2.156662172406527134e-01 8.533525463718660831e-02
-1.630273744598014218e-01 2.120898878876573690e-01 1.060598017886604794e-01
-1.791225411652987987e-01 2.473741067466619370e-01 1.324222773431813494e-01
-1.635439138912886392e-01 2.328451658991923523e-01 1.004004590814417952e-01
-1.633007776097485930e-01 2.087108977878813221e-01 9.004798623456622408e-02
-1.393109068522164762e-01 1.697850620929557408e-01 8.891332409152141736e-02
-9.706004238219634317e-02 1.958319133792087996e-01 8.472978025386623813e-02
-1.180742836296531095e-01 2.107646404703871212e-01 5.000603292225491714e-02
-1.046983163535628591e-01 1.942308517170658888e-01 5.753531480598894632e-02
-1.298578023464642683e-01 2.018799703064644291e-01 8.017638284897543599e-02
-1.054788122929721794e-01 1.881284787903609867e-01 8.558098905487554475e-02
-1.027370355419918724e-01 2.245261399201012864e-01 1.272063565532448592e-01
-1.163573416569079200e-01 2.306644624677289812e-01 1.423617912653867279e-01
-1.344589574602537141e-01 2.082055281579471284e-01 1.331758943562419972e-01
-1.409602613628067047e-01 1.717854211616156590e-01 1.342160562335266150e-01
-1.585535485427271851e-01 1.550713148993736468e-01 1.450694701466943570e-01
-1.521223353186655913e-01 1.847985239534182256e-01 1.280537000787944635e-01
-1.084181263920527272e-01 2.026587343235064509e-01 1.754372433726132385e-01
-1.514836904421201780e-01 1.638461078822501804e-01 1.247952932078533195e-01
-1.788488724497767635e-01 1.658294916281306541e-01 1.219487024381464835e-01
-1.664191364549196805e-01 1.820115395285029081e-01 1.200766758676650170e-01
-1.330687550952802667e-01 2.229705853903851676e-01 1.097856526914426922e-01
-1.380388606447411348e-01 2.469391638240949760e-01 9.586327443102504731e-02
-1.395493388405384394e-01 2.692504641690902645e-01 9.696854027143331223e-02
-1.530705297265342324e-01 2.687720624037410744e-01 1.133709667222433382e-01
-1.714392542152722854e-01 2.837095205907473883e-01 1.149102188772133104e-01
-1.684431431280586366e-01 2.623294199755719092e-01 1.082297991952998473e-01
-1.582820389457708643e-01 2.591494854912923529e-01 1.404584323357482845e-01
-1.472161904472955030e-01 3.233521988003076331e-01 1.026721238004881798e-01
-1.429518823933904059e-01 3.054653669979643382e-01 7.102331629889135911e-02
-1.087927335016445340e-01 3.025614273340409000e-01 7.002647279981033535e-02
-5.873135018302377830e-02 3.042593403900468729e-01 4.730921385333886064e-02
-7.141337834832484077e-02 3.228439901390345312e-01 5.660254038289735945e-02
-5.317272527167915541e-02 3.253484605077403558e-01 4.268197586245037201e-02
-6.697839327853216673e-02 3.197870335056052227e-01 2.784460934512367203e-02
-2.715529255598880809e-02 2.737702550377889565e-01 6.814639050077175852e-02
-3.759456853913434315e-05 2.563068718634440302e-01 6.592894530069770553e-02
-1.113132743230949018e-02 2.715351062626325529e-01 8.442947306869541535e-02
2.247647754671788789e-03 2.910481408347322940e-01 8.561995328824423268e-02
2.060104798988504626e-02 3.066012989312696391e-01 7.110059241153976473e-02
6.380810273375914221e-02 2.470771716618003211e-01 2.351583789192090990e-02
8.144409586279266478e-02 2.358893805061939020e-01 5.035311215110027661e-02
4.095149753243276791e-02 2.070954520743839566e-01 3.399591195673679067e-02
2.354338352009222035e-02 2.083512699006178082e-01 3.023310996397299277e-02
-9.599360098491160898e-04 2.261447955666824328e-01 3.443421964118442702e-02
-7.485918000043056963e-04 1.509580675090944624e-01 3.879172349508053230e-02
-3.483704451298308413e-03 9.965462214034914723e-02 6.486444474560926210e-02
1.349363837232431251e-02 1.065821530978610099e-01 7.528796721257435820e-02
-7.791078423707631373e-03 3.928933007955492940e-02 8.392626232841848832e-02
3.596539093609862903e-02 1.320925491023672294e-02 8.472081326041802640e-02
1.975062449309916701e-02 -1.660390206575357297e-02 9.945054104099426695e-02
4.663133366818783543e-03 -2.522845172629217814e-02 1.065150154348089018e-01
-1.205368293162223381e-02 -6.084387653481826419e-02 1.039013359479099563e-01
9.616728747829483837e-03 -6.479664255550687813e-02 1.395387411828039603e-01
1.377264745048023542e-02 -4.446558430305458387e-02 1.413877998040788952e-01
1.784970550630760044e-03 -5.479288571748952563e-02 1.248851661704861726e-01
3.016889585950366381e-02 -9.246348463230447123e-02 1.289136174819134339e-01
7.653339167987383007e-02 -1.177070345308379729e-01 1.263869498352221399e-01
8.258624118107604772e-02 -1.127331526040222798e-01 1.159902501433691668e-01
8.720767830533304732e-02 -1.211128029024735042e-01 1.368705098659859232e-01
9.577641135797421157e-02 -9.054639135069919575e-02 1.251450994790559434e-01
9.360847495128155060e-02 -7.420181372265233222e-02 1.262465779360866236e-01
8.303281566870168717e-02 -7.308896190406244386e-02 1.319967217733903908e-01
1.128241601600734612e-01 -5.651876987542436837e-02 1.316341991007163870e-01
1.168477162445356043e-01 -4.405764766661945941e-02 1.619799886289285951e-01
1.507475108793130403e-01 -8.083838120853670262e-04 1.294588558014595492e-01
1.787072796292363819e-01 2.007057858486405166e-02 1.451863830301931557e-01
2.084250155673146310e-01 1.187048986270156092e-02 1.345662690236792969e-01
2.161588299010475112e-01 3.646358105137892380e-02 1.340795055990611218e-01
2.418500845560913604e-01 7.376739826409561829e-02 1.053577602124278201e-01
2.219020356044723030e-01 8.234613989392869371e-02 7.965334727097683754e-02
2.415291343588137352e-01 1.177410937113734235e-01 6.987221422090783562e-02
