0.000000000000000000e+00 2.000000000000000000e+00 0.000000000000000000e+00 0.000000000000000000e+00 2.000000000000000000e+00 0.000000000000000000e+00 1.046917266845703125e+02 0.000000000000000000e+00 1.046917266845703125e+02 1.925659179687500000e-02 5.661010742187500000e-03 2.778625488281250000e-02 3.427738803741115642e-02 -1.273341369628906250e+01 -1.918391418457031250e+01 1.426660728454589844e+01 2.708686828613281250e+01
2.563476562500000000e-02 4.449920654296875000e-01 2.038101196289062500e+00 3.555297851562500000e-03 2.086117701557872461e+00 -9.747988128662109375e+01 4.121446990966796875e+01 -1.006073474884033203e+00 1.058393707275390625e+02 5.166625976562500000e-02 -1.475524902343750000e-02 -7.015991210937500000e-02 8.837156238919802176e-02 2.835663032531738281e+01 5.250904560089111328e+00 1.297231078147888184e+00 2.886786079406738281e+01
5.053710937500000000e-02 -1.732238769531250000e+00 1.972427368164062500e+00 -9.887695312500000000e-02 2.626955943522660597e+00 -6.247537231445312500e+01 -4.032183456420898438e+01 -4.765434265136718750e+00 7.450994873046875000e+01 2.193298339843750000e-01 2.042999267578125000e-01 -1.207275390625000000e-01 3.231395593810026390e-01 -5.706544876098632812e+01 2.475622749328613281e+01 2.176095199584960938e+01 6.590048980712890625e+01
7.543945312500000000e-02 -2.371963500976562500e+00 3.740844726562500000e-01 -1.543426513671875000e-01 2.406236001866514762e+00 1.434815216064453125e+01 -7.778723907470703125e+01 1.513537526130676270e+00 7.911393737792968750e+01 2.122192382812500000e-01 3.638153076171875000e-01 -3.431701660156250000e-02 4.225828212098720060e-01 -7.291606426239013672e+00 1.537976455688476562e+01 -8.594322204589843750e+00 1.906743431091308594e+01
1.003417968750000000e-01 -8.758087158203125000e-01 -1.253356933593750000e+00 -5.615234375000000000e-03 1.529044159124071545e+00 1.018759841918945312e+02 -3.719015121459960938e+01 8.976152420043945312e+00 1.088227691650390625e+02 -1.527252197265625000e-01 2.234191894531250000e-01 2.449188232421875000e-01 3.650018588100011896e-01 -2.461684048175811768e-01 -3.385326766967773438e+01 -5.139551639556884766e+00 3.424206924438476562e+01
1.252441406250000000e-01 1.654983520507812500e+00 -9.297180175781250000e-01 2.316131591796875000e-01 1.912325992310680123e+00 7.212963867187500000e+01 5.480624008178710938e+01 8.517756462097167969e+00 9.098879241943359375e+01 1.196289062500000000e-02 1.826477050781250000e-01 3.724670410156250000e-02 1.867902885292508919e-01 1.273401737213134766e+01 -1.043132495880126953e+01 -1.780077934265136719e+00 1.655706596374511719e+01
1.501464843750000000e-01 1.990814208984375000e+00 7.697753906250000000e-01 2.980957031250000000e-01 2.155169695158026588e+00 -4.516297912597656250e+01 6.446042633056640625e+01 -2.542067527770996094e+00 7.874835205078125000e+01 1.679992675781250000e-01 1.467742919921875000e-01 1.287689208984375000e-01 2.575808255401446090e-01 -2.375617980957031250e+01 -3.488066482543945312e+01 5.002518653869628906e+00 4.249755096435546875e+01
1.750488281250000000e-01 -6.394958496093750000e-02 1.519866943359375000e+00 9.794616699218750000e-02 1.524361678395815378e+00 -9.723971557617187500e+01 -1.674693489074707031e+01 -1.332156944274902344e+01 9.956649017333984375e+01 -2.836608886718750000e-02 -1.135711669921875000e-01 -3.945922851562500000e-02 1.235316788707934293e-01 -2.174221801757812500e+01 4.657904434204101562e+01 -6.820857524871826172e-01 5.140813827514648438e+01
2.006835937500000000e-01 -1.714355468750000000e+00 -6.744384765625000000e-03 -1.930847167968750000e-01 1.725207775260541920e+00 -1.828577804565429688e+01 -8.094451141357421875e+01 -6.306837558746337891e+00 8.322355651855468750e+01 -1.454162597656250000e-01 9.623718261718750000e-02 -1.333007812500000000e-01 2.194916449530094904e-01 -4.649795150756835938e+01 3.651907730102539062e+01 -3.531641244888305664e+00 5.922985076904296875e+01
2.255859375000000000e-01 -8.792724609375000000e-01 -1.580932617187500000e+00 -1.154479980468750000e-01 1.812676540617061516e+00 7.162739562988281250e+01 -2.775177383422851562e+01 1.174779415130615234e+01 7.770878601074218750e+01 -8.307342529296875000e-01 -1.593994140625000000e+00 -1.289825439453125000e-01 1.802102443253458031e+00 -5.795718765258789062e+01 2.317951812744140625e+02 1.225229873657226562e+02 2.685142822265625000e+02
2.504882812500000000e-01 1.010009765625000000e+00 -7.750091552734375000e-01 2.515411376953125000e-01 1.297702531926545388e+00 5.370794677734375000e+01 8.230706024169921875e+01 1.087693500518798828e+01 9.888024902343750000e+01 -7.434082031250000000e-02 -6.997680664062500000e-02 5.557250976562500000e-02 1.162394720996500347e-01 -5.954805850982666016e+00 1.233585262298583984e+01 1.024162292480468750e+00 1.373615264892578125e+01
2.753906250000000000e-01 1.041427612304687500e+00 1.231948852539062500e+00 3.096160888671875000e-01 1.642599028804159866e+00 -4.659009933471679688e+01 6.181482315063476562e+01 -5.764198780059814453e+00 7.762046051025390625e+01 -2.013702392578125000e-01 -8.743286132812500000e-02 2.114410400390625000e-01 3.047979526039704679e-01 5.796125888824462891e+00 7.951853275299072266e+00 1.992071723937988281e+01 2.221850585937500000e+01
3.002929687500000000e-01 -6.058044433593750000e-01 1.556488037109375000e+00 1.823272705078125000e-01 1.680147989562046362e+00 -6.991460418701171875e+01 -4.010369110107421875e+01 -1.830320119857788086e+00 8.062076568603515625e+01 -3.040466308593750000e-01 2.292633056640625000e-01 2.706604003906250000e-01 4.671863326345964684e-01 1.813419938087463379e+00 -2.459579467773437500e+00 3.675593614578247070e+00 4.779959201812744141e+00
3.251953125000000000e-01 -1.390609741210937500e+00 -1.903991699218750000e-01 1.808013916015625000e-01 1.415180709119069125e+00 1.548298454284667969e+01 -7.155187225341796875e+01 2.791240453720092773e+00 7.326107025146484375e+01 -1.705322265625000000e-01 4.241027832031250000e-01 1.636810302734375000e-01 4.855264057580953585e-01 6.716295719146728516e+00 1.271945285797119141e+01 -2.700875663757324219e+01 3.060009956359863281e+01
3.500976562500000000e-01 -1.801300048828125000e-01 -1.052825927734375000e+00 2.603759765625000000e-01 1.099402065642822501e+00 6.446712493896484375e+01 8.700636863708496094e+00 1.978349804878234863e+00 6.508168029785156250e+01 -3.569030761718750000e-02 3.946685791015625000e-01 9.384155273437500000e-02 4.072386553453076208e-01 7.235324859619140625e+00 -1.502186012268066406e+01 1.901395988464355469e+01 2.528906631469726562e+01
3.750000000000000000e-01 9.146728515625000000e-01 5.148315429687500000e-02 2.397460937500000000e-01 9.469715571389748510e-01 9.896362304687500000e+00 6.395742416381835938e+01 -6.898066997528076172e+00 6.508512878417968750e+01 -1.100463867187500000e-01 -5.523681640625000000e-03 2.263946533203125000e-01 2.517841483110963008e-01 -2.812287807464599609e+00 -1.009829711914062500e+01 -1.281715393066406250e+01 1.655789756774902344e+01
4.006347656250000000e-01 2.582702636718750000e-01 1.017944335937500000e+00 9.358215332031250000e-02 1.054358487225499630e+00 -4.553805160522460938e+01 1.386887311935424805e+00 -3.070500373840332031e+00 4.566251754760742188e+01 1.557006835937500000e-01 -2.297973632812500000e-02 2.512817382812500000e-01 2.965017422325167962e-01 -1.062522811889648438e+02 -6.565119028091430664e-01 9.026805114746093750e+01 1.394212951660156250e+02
4.255371093750000000e-01 -4.251251220703125000e-01 8.923339843750000000e-02 7.652282714843750000e-02 4.410778977536659040e-01 1.704825520515441895e+00 -5.595839691162109375e+01 5.348789691925048828e+00 5.623929595947265625e+01 -3.720397949218750000e-01 1.239166259765625000e-01 8.374023437500000000e-02 4.009755180208712244e-01 1.632326660156250000e+02 5.230872726440429688e+01 -1.899074249267578125e+02 2.558240356445312500e+02
4.504394531250000000e-01 1.843566894531250000e-01 -6.806945800781250000e-01 3.266296386718750000e-01 7.771868637289043313e-01 2.975121498107910156e+01 3.755173206329345703e+00 1.008037185668945312e+01 3.163621330261230469e+01 -7.113647460937500000e-02 3.117065429687500000e-01 2.542877197265625000e-01 4.085139059482727486e-01 -1.483976459503173828e+01 -5.484469223022460938e+01 -3.617274856567382812e+01 6.735448455810546875e+01
4.753417968750000000e-01 4.120483398437500000e-01 -2.674865722656250000e-02 5.254821777343750000e-01 6.683044546820527954e-01 -2.046937370300292969e+01 3.688703536987304688e+01 -8.042094707489013672e-01 4.219354629516601562e+01 4.247589111328125000e-01 -9.257507324218750000e-02 6.216430664062500000e-01 7.585712746891317693e-01 -1.342948455810546875e+02 3.625988006591796875e+01 -9.044001770019531250e+01 1.659195098876953125e+02
5.002441406250000000e-01 -3.512725830078125000e-01 3.605957031250000000e-01 2.564392089843750000e-01 5.649626152142508406e-01 -2.001422309875488281e+01 -7.385569572448730469e+00 -1.625707626342773438e+01 2.682178878784179688e+01 -4.248199462890625000e-01 2.784118652343750000e-01 1.911010742187500000e-01 5.426829406162367864e-01 8.749349212646484375e+01 2.746986694335937500e+02 -3.808213806152343750e+02 4.776394042968750000e+02
5.251464843750000000e-01 -1.517791748046875000e-01 -1.128540039062500000e-01 -1.139068603515625000e-01 2.207888514785430467e-01 3.494719696044921875e+01 -1.869082260131835938e+01 -6.468146800994873047e+00 4.015582275390625000e+01 -8.764648437500000000e-02 -5.909729003906250000e-02 -2.215270996093750000e-01 2.454560078193242234e-01 -3.473410797119140625e+01 3.056034240722656250e+02 -1.002520446777343750e+02 3.234971313476562500e+02
5.500488281250000000e-01 7.673339843750000000e-01 -1.632385253906250000e-01 7.797241210937500000e-03 7.845438526424255432e-01 1.376245784759521484e+01 1.531813335418701172e+01 1.451753520965576172e+01 2.519542121887207031e+01 6.480865478515625000e-01 -1.378021240234375000e-01 5.340576171875000000e-04 6.625751912870454507e-01 1.489127197265625000e+02 4.766172027587890625e+01 1.860941009521484375e+02 2.430589447021484375e+02
5.756835937500000000e-01 2.972106933593750000e-01 1.627807617187500000e-01 2.359008789062500000e-01 4.128934454573457424e-01 -4.165312576293945312e+01 2.573491096496582031e+00 2.230775594711303711e+00 4.179212951660156250e+01 2.228851318359375000e-01 1.742095947265625000e-01 2.742614746093750000e-01 3.940128441348393906e-01 -2.076012134552001953e+00 8.985772705078125000e+01 -7.950257873535156250e+01 1.199974212646484375e+02
6.005859375000000000e-01 -4.811706542968750000e-01 -5.491638183593750000e-02 1.285095214843750000e-01 5.010545924972410470e-01 -7.242162704467773438e+00 -1.973970603942871094e+01 -1.082084083557128906e+01 2.364731407165527344e+01 -3.643493652343750000e-01 -2.006530761718750000e-02 1.503448486328125000e-01 3.946601703071740963e-01 -5.111949539184570312e+01 8.011779022216796875e+01 1.156698989868164062e+02 1.497050018310546875e+02
6.254882812500000000e-01 -2.038574218750000000e-02 -4.330139160156250000e-01 -5.609130859375000000e-02 4.371073836570154025e-01 3.128733825683593750e+01 -2.804522514343261719e+00 8.149059414863586426e-01 3.142334938049316406e+01 -1.181030273437500000e-02 -3.060913085937500000e-01 -8.137512207031250000e-02 3.169436589352595535e-01 -6.117160415649414062e+01 1.481641674041748047e+01 2.659731674194335938e+01 6.832940673828125000e+01
6.503906250000000000e-01 4.255676269531250000e-01 -1.464538574218750000e-01 1.371307373046875000e-01 4.704905701265310602e-01 -5.040743827819824219e+00 1.681692123413085938e+01 1.070618152618408203e+01 2.056307983398437500e+01 4.472503662109375000e-01 -2.386474609375000000e-01 1.018218994140625000e-01 5.170620851387391914e-01 -1.601087188720703125e+02 6.509340667724609375e+01 2.097101211547851562e+01 1.741026611328125000e+02
6.752929687500000000e-01 -1.712799072265625000e-01 -6.460571289062500000e-02 3.121185302734375000e-01 3.618406855201560246e-01 -3.161502265930175781e+01 -1.843888092041015625e+01 6.745703816413879395e-01 3.660542297363281250e+01 2.969360351562500000e-02 -1.266784667968750000e-01 2.588043212890625000e-01 2.896701930776489076e-01 -2.699520874023437500e+02 2.434294738769531250e+02 -2.567980957031250000e+02 4.450587768554687500e+02
7.001953125000000000e-01 -4.483947753906250000e-01 -6.429748535156250000e-01 4.330749511718750000e-01 8.955604112417935303e-01 1.416682243347167969e+01 -1.905217361450195312e+01 1.052182865142822266e+01 2.596907997131347656e+01 -4.354095458984375000e-01 -6.590270996093750000e-01 4.047851562500000000e-01 8.875523722008552552e-01 2.245974349975585938e+01 -1.977303009033203125e+02 -3.086654052734375000e+02 3.672547302246093750e+02
7.250976562500000000e-01 3.507537841796875000e-01 -5.951080322265625000e-01 7.237243652343750000e-01 1.000479257141716705e+00 3.440191268920898438e+01 2.706542778015136719e+01 9.300591468811035156e+00 4.474963760375976562e+01 4.166564941406250000e-01 -5.039062500000000000e-01 5.923767089843750000e-01 8.822892429616140397e-01 3.998883438110351562e+01 -1.901384429931640625e+02 4.184194564819335938e+01 1.987523193359375000e+02
7.500000000000000000e-01 6.384887695312500000e-01 1.248168945312500000e-01 5.621490478515625000e-01 8.598015573249290222e-01 -1.355135345458984375e+01 1.326425457000732422e+01 -2.198185348510742188e+01 2.903069877624511719e+01 7.180175781250000000e-01 -4.394531250000000000e-03 4.320983886718750000e-01 8.380200307237462010e-01 -4.577215270996093750e+02 1.071203155517578125e+02 2.406510162353515625e+01 4.707046813964843750e+02
7.756347656250000000e-01 7.575988769531250000e-02 -1.883850097656250000e-01 1.324462890625000000e-02 2.034794650151834361e-01 -1.693096542358398438e+01 -2.935555839538574219e+01 -9.352212905883789062e+00 3.515494537353515625e+01 1.199951171875000000e-01 -1.572113037109375000e-01 1.793518066406250000e-01 2.669855664798953532e-01 2.026245880126953125e+01 -9.888496398925781250e+01 -7.635421752929687500e+01 1.265652770996093750e+02
8.005371093750000000e-01 1.528778076171875000e-01 -6.550140380859375000e-01 1.607360839843750000e-01 6.915570134458299822e-01 2.225177574157714844e+01 8.912792205810546875e-01 1.832175636291503906e+01 2.883786964416503906e+01 1.341857910156250000e-01 -7.253265380859375000e-01 2.546386718750000000e-01 7.803494515769738848e-01 -5.389359283447265625e+01 -1.525249099731445312e+01 -6.707649993896484375e+01 8.738658142089843750e+01
8.254394531250000000e-01 7.221221923828125000e-01 -2.363128662109375000e-01 5.668945312500000000e-01 9.479839877496588629e-01 1.127507400512695312e+01 2.432522773742675781e+01 2.878483057022094727e+00 2.696534156799316406e+01 7.410125732421875000e-01 -9.152221679687500000e-02 4.433135986328125000e-01 8.683334017548771655e-01 -2.195137939453125000e+02 -5.870334625244140625e+01 3.079001426696777344e+01 2.293041839599609375e+02
8.503417968750000000e-01 5.762481689453125000e-01 6.152343750000000000e-02 3.200225830078125000e-01 6.620132470046456996e-01 -1.841409492492675781e+01 -6.134990692138671875e+00 -1.778803253173828125e+01 2.632738304138183594e+01 4.549713134765625000e-01 5.677795410156250000e-02 2.299041748046875000e-01 5.129118459844459466e-01 1.064353942871093750e+01 7.205327606201171875e+01 1.169964370727539062e+02 1.378155517578125000e+02
8.752441406250000000e-01 1.732482910156250000e-01 -4.213714599609375000e-01 2.089843750000000000e-01 5.012418045251086918e-01 -6.126247882843017578e+00 -2.453100776672363281e+01 4.947452545166015625e+00 2.576390075683593750e+01 3.089752197265625000e-01 -2.936859130859375000e-01 2.469024658203125000e-01 4.926235170780511874e-01 -3.975202941894531250e+01 4.426972198486328125e+01 -6.823623657226562500e+01 9.053295898437500000e+01
9.001464843750000000e-01 3.655853271484375000e-01 -7.175445556640625000e-01 5.092620849609375000e-01 9.528224871234557414e-01 1.471546554565429688e+01 4.710198402404785156e+00 1.456081390380859375e+01 2.123083114624023438e+01 4.378967285156250000e-01 -6.974029541015625000e-01 6.369323730468750000e-01 1.041060648122575261e+00 -1.255914459228515625e+02 -6.238840484619140625e+01 -1.052446079254150391e+01 1.406281890869140625e+02
9.250488281250000000e-01 4.433898925781250000e-01 -1.731872558593750000e-01 6.586303710937500000e-01 8.126391500288628889e-01 -9.552278518676757812e+00 2.580194854736328125e+01 -5.361117362976074219e+00 2.803084373474121094e+01 4.950561523437500000e-01 -1.264648437500000000e-01 6.272583007812500000e-01 8.090283842839454120e-01 1.040625228881835938e+02 4.961270523071289062e+01 -7.708592987060546875e+01 1.386819000244140625e+02
9.506835937500000000e-01 7.666015625000000000e-02 6.443786621093750000e-02 2.623596191406250000e-01 2.808230544554825014e-01 -1.515391731262207031e+01 -6.390299320220947266e+00 -1.675131797790527344e+01 2.347517395019531250e+01 1.728820800781250000e-01 -1.718139648437500000e-02 3.524017333984375000e-01 3.928999818013688139e-01 -6.389953994750976562e+01 8.974982452392578125e+01 1.853241562843322754e+00 1.101890029907226562e+02
9.755859375000000000e-01 1.385040283203125000e-01 -2.890472412109375000e-01 1.785278320312500000e-02 3.210146342158026744e-01 2.070869827270507812e+01 -1.777852821350097656e+01 -1.142202019691467285e+00 2.731722640991210938e+01 1.468658447265625000e-01 -2.183074951171875000e-01 1.378936767578125000e-01 2.970562318171017235e-01 -2.162046813964843750e+01 8.281155395507812500e+01 -1.743752136230468750e+02 1.942470397949218750e+02
1.000488281250000000e+00 8.381500244140625000e-01 -3.665161132812500000e-01 2.147674560546875000e-01 9.396566313820648997e-01 2.213160514831542969e+01 1.459709167480468750e+01 1.330121135711669922e+01 2.966151237487792969e+01 7.942047119140625000e-01 -3.718414306640625000e-01 2.806854248046875000e-01 9.207667900628170310e-01 2.800039863586425781e+01 1.563625640869140625e+02 1.356310424804687500e+02 2.088756866455078125e+02
1.025390625000000000e+00 8.265686035156250000e-01 3.771972656250000000e-02 3.255157470703125000e-01 8.891563055393938431e-01 -2.526974678039550781e+01 9.753366470336914062e+00 -3.627326726913452148e+00 2.732847976684570312e+01 8.031005859375000000e-01 -3.114318847656250000e-02 4.069824218750000000e-01 9.008746533435619819e-01 4.656790924072265625e+01 -1.304647216796875000e+02 2.360773773193359375e+02 2.737190856933593750e+02
1.050292968750000000e+00 -3.323364257812500000e-02 -4.467773437500000000e-02 1.896514892578125000e-01 1.976569308817674453e-01 -3.203686141967773438e+01 -1.351215648651123047e+01 -1.383389234542846680e+00 3.479730987548828125e+01 -3.205871582031250000e-02 -9.245300292968750000e-02 1.869812011718750000e-01 2.110385950541785460e-01 -7.591825103759765625e+01 -2.143004913330078125e+02 1.379891357421875000e+02 2.659497680664062500e+02
1.075195312500000000e+00 -2.277832031250000000e-01 -3.266143798828125000e-01 4.689941406250000000e-01 6.152378765263899485e-01 2.337427520751953125e+01 -3.759346008300781250e+00 1.923275375366210938e+01 3.050226593017578125e+01 -3.044128417968750000e-01 -3.753204345703125000e-01 4.269256591796875000e-01 6.448241041733072665e-01 -3.350870666503906250e+02 -1.939523620605468750e+02 -1.910062789916992188e+01 3.876411743164062500e+02
1.100097656250000000e+00 5.571441650390625000e-01 -1.309051513671875000e-01 8.560180664062500000e-01 1.029714867963668512e+00 3.118032264709472656e+01 1.310017204284667969e+01 4.749156475067138672e+00 3.415232849121093750e+01 5.797119140625000000e-01 -1.649932861328125000e-01 9.443511962890625000e-01 1.120307042603720715e+00 -1.829669594764709473e+00 1.255353851318359375e+02 5.733995056152343750e+01 1.380230102539062500e+02
1.125000000000000000e+00 6.897583007812500000e-01 -7.127380371093750000e-02 5.781402587890625000e-01 9.028248043916088372e-01 -2.043976402282714844e+01 -1.140565776824951172e+01 -1.851688575744628906e+01 2.984540176391601562e+01 6.015472412109375000e-01 -1.039123535156250000e-01 5.160827636718750000e-01 7.993736795647242710e-01 -1.555498352050781250e+02 -1.862767410278320312e+01 -3.321424560546875000e+02 3.672347106933593750e+02
1.150634765625000000e+00 8.882141113281250000e-02 -4.727325439453125000e-01 2.650604248046875000e-01 5.492015385796659155e-01 -1.038263607025146484e+01 -1.631834983825683594e+01 2.308855056762695312e+00 1.947866821289062500e+01 1.264343261718750000e-01 -5.563354492187500000e-01 2.341461181640625000e-01 6.167002315090075459e-01 -7.130851745605468750e+01 8.006826782226562500e+01 -2.421265716552734375e+02 2.648038940429687500e+02
1.175537109375000000e+00 4.980316162109375000e-01 -4.014892578125000000e-01 5.370788574218750000e-01 8.352740951173437400e-01 3.419781875610351562e+01 2.092182922363281250e+01 5.448908329010009766e+00 4.045867538452148438e+01 4.800109863281250000e-01 -3.777008056640625000e-01 5.092773437500000000e-01 7.952558446512901780e-01 1.409407234191894531e+01 3.538089904785156250e+02 -2.543643798828125000e+02 4.359824523925781250e+02
1.200439453125000000e+00 8.461456298828125000e-01 8.995056152343750000e-02 5.122528076171875000e-01 9.932051497046592292e-01 -1.421324539184570312e+01 1.463653659820556641e+01 -4.954730987548828125e+00 2.099509239196777344e+01 7.533416748046875000e-01 8.062744140625000000e-02 5.247802734375000000e-01 9.216391911666881320e-01 -1.654006195068359375e+02 1.183598995208740234e+01 -1.588685150146484375e+02 2.296446380615234375e+02
1.225341796875000000e+00 7.383728027343750000e-02 1.364440917968750000e-01 3.898468017578125000e-01 4.195824865092052103e-01 -3.434438323974609375e+01 -1.403987407684326172e+01 3.231181621551513672e+00 3.724372863769531250e+01 5.052185058593750000e-02 2.161254882812500000e-01 4.179534912109375000e-01 4.732312382829854114e-01 8.987200164794921875e+01 -5.036897277832031250e+01 -4.205593490600585938e+01 1.112776336669921875e+02
1.250244140625000000e+00 -3.086242675781250000e-01 -2.389526367187500000e-01 5.046234130859375000e-01 6.379593170159659765e-01 6.345185279846191406e+00 -1.651113319396972656e+01 -3.078728020191192627e-01 1.769106292724609375e+01 -2.470550537109375000e-01 -2.322540283203125000e-01 5.614624023437500000e-01 6.559101786683461111e-01 -2.759228515625000000e+01 -1.033545532226562500e+02 -8.681042480468750000e+01 1.377662811279296875e+02
1.275146484375000000e+00 3.983306884765625000e-01 -5.040435791015625000e-01 3.641967773437500000e-01 7.384893767978645274e-01 3.309786987304687500e+01 1.503171443939208984e+00 -3.302983760833740234e+00 3.329621887207031250e+01 3.250885009765625000e-01 -5.141754150390625000e-01 2.924652099609375000e-01 6.749776218033275432e-01 2.025050520896911621e-01 1.283235626220703125e+02 -4.568285369873046875e+01 1.362127075195312500e+02
1.300048828125000000e+00 8.295135498046875000e-01 -1.205444335937500000e-01 4.972076416015625000e-01 9.745969057241047340e-01 -9.085684776306152344e+00 2.087639045715332031e+01 1.207999801635742188e+01 2.577401161193847656e+01 7.741088867187500000e-01 -2.087402343750000000e-01 4.540100097656250000e-01 9.213805635627742019e-01 1.000921478271484375e+02 -1.355023384094238281e+00 2.238261718750000000e+02 2.451905975341796875e+02
1.325683593750000000e+00 1.285400390625000000e-01 9.719848632812500000e-02 7.367095947265625000e-01 7.541293750735637014e-01 -3.583983230590820312e+01 -2.901880502700805664e+00 2.241534471511840820e+00 3.602692031860351562e+01 7.264709472656250000e-02 2.536010742187500000e-02 8.039398193359375000e-01 8.076137495947917078e-01 1.419605102539062500e+02 1.817983703613281250e+02 9.791277313232421875e+01 2.505800170898437500e+02
1.350585937500000000e+00 -2.609405517578125000e-01 -3.392028808593750000e-01 5.372314453125000000e-01 6.868523798950751935e-01 5.809308528900146484e+00 -2.122623825073242188e+01 -1.088883781433105469e+01 2.455337142944335938e+01 -1.832427978515625000e-01 -3.432464599609375000e-01 5.386199951171875000e-01 6.644603482377433590e-01 5.554569244384765625e+01 8.539678192138671875e+01 2.066050567626953125e+02 2.303553314208984375e+02
1.375488281250000000e+00 1.252593994140625000e-01 -5.905303955078125000e-01 3.385009765625000000e-01 6.920975193525484848e-01 1.832083702087402344e+01 2.609012603759765625e+00 -6.876628994941711426e-01 1.851844787597656250e+01 1.452484130859375000e-01 -7.003784179687500000e-01 3.956298828125000000e-01 8.174044494830112750e-01 -2.182739410400390625e+02 -9.279187011718750000e+01 -3.987126159667968750e+01 2.405068817138671875e+02
1.400390625000000000e+00 2.836151123046875000e-01 -2.686004638671875000e-01 5.380401611328125000e-01 6.648841674375256527e-01 -1.216736698150634766e+01 1.694671440124511719e+01 1.383978176116943359e+01 2.503548431396484375e+01 2.707061767578125000e-01 -1.908721923828125000e-01 6.163635253906250000e-01 6.997271063720578166e-01 -1.112962493896484375e+02 -6.321451187133789062e+01 6.206180953979492188e+01 1.422483673095703125e+02
1.425292968750000000e+00 -2.007141113281250000e-01 -6.552124023437500000e-02 7.175598144531250000e-01 7.479781244970288290e-01 -1.757329559326171875e+01 -1.435531497001647949e+00 -2.171737194061279297e+00 1.776507568359375000e+01 -1.368713378906250000e-01 5.830383300781250000e-02 6.225891113281250000e-01 6.401174123734777455e-01 -1.971225929260253906e+01 3.238094711303710938e+01 1.112207107543945312e+02 1.175038070678710938e+02
1.450195312500000000e+00 -2.377014160156250000e-01 -3.098144531250000000e-01 5.465240478515625000e-01 6.716959828829058843e-01 1.628311347961425781e+01 -1.655736923217773438e+01 -6.666477203369140625e+00 2.416046714782714844e+01 -2.059783935546875000e-01 -2.965545654296875000e-01 4.456939697265625000e-01 5.735981376706017487e-01 -6.789292144775390625e+01 1.011609039306640625e+02 6.149795150756835938e+01 1.364733428955078125e+02
1.475097656250000000e+00 2.996368408203125000e-01 -4.494018554687500000e-01 6.298217773437500000e-01 8.297106334692672114e-01 1.877765655517578125e+01 8.534945487976074219e+00 7.962566852569580078e+00 2.210991096496582031e+01 2.869110107421875000e-01 -4.572753906250000000e-01 6.134033203125000000e-01 8.171183172140674689e-01 6.362984466552734375e+01 1.250673065185546875e+02 7.945967864990234375e+01 1.612588806152343750e+02
1.500000000000000000e+00 2.001495361328125000e-01 8.648681640625000000e-02 8.507995605468750000e-01 8.782936288354959986e-01 -2.362350463867187500e+01 2.415694618225097656e+01 9.389579772949218750e+00 3.506839370727539062e+01 1.762847900390625000e-01 1.237640380859375000e-01 7.613677978515625000e-01 7.912488786265617913e-01 4.484608459472656250e+01 1.795508766174316406e+01 1.371175689697265625e+02 1.453780822753906250e+02
1.525634765625000000e+00 -4.174194335937500000e-01 2.049255371093750000e-01 8.710784912109375000e-01 9.874265527884168447e-01 -1.889377593994140625e+01 -2.221602821350097656e+01 -1.358501148223876953e+01 3.217264556884765625e+01 -4.661254882812500000e-01 1.679992675781250000e-01 8.007202148437500000e-01 9.416207236417650783e-01 -6.384929275512695312e+01 -2.190452384948730469e+01 -1.116846389770507812e+02 1.304990386962890625e+02
1.550537109375000000e+00 -5.807037353515625000e-01 -6.234741210937500000e-01 4.221649169921875000e-01 9.508732960094642417e-01 1.545637035369873047e+01 -2.745686149597167969e+01 -1.308597278594970703e+01 3.411775588989257812e+01 -5.351104736328125000e-01 -5.121917724609375000e-01 4.541473388671875000e-01 8.688690558239243744e-01 2.344479370117187500e+02 4.789122390747070312e+01 -1.767743835449218750e+02 2.975039367675781250e+02
1.575439453125000000e+00 9.210205078125000000e-02 -6.609497070312500000e-01 4.065246582031250000e-01 7.814087283297869169e-01 2.572285842895507812e+01 2.584469604492187500e+01 1.103160572052001953e+01 3.809606170654296875e+01 1.591033935546875000e-01 -6.335449218750000000e-01 4.517669677734375000e-01 7.942206563955785947e-01 -4.392439651489257812e+01 -4.676241683959960938e+01 6.415924072265625000e+01 9.073303985595703125e+01
1.600341796875000000e+00 2.104187011718750000e-01 -4.115295410156250000e-02 7.302093505859375000e-01 7.610356700689401288e-01 -1.412262153625488281e+01 6.442225456237792969e+00 6.611154556274414062e+00 1.687181282043457031e+01 3.161163330078125000e-01 2.270507812500000000e-02 7.976074218750000000e-01 8.582672404310051073e-01 -1.254549102783203125e+02 -3.152478218078613281e+00 2.231201934814453125e+01 1.274625396728515625e+02
1.625244140625000000e+00 -3.952789306640625000e-01 -2.938385009765625000e-01 6.299591064453125000e-01 7.996467804452505046e-01 -2.276755523681640625e+01 -1.734609413146972656e+01 -1.376464462280273438e+01 3.176025772094726562e+01 -3.594512939453125000e-01 -3.743743896484375000e-01 5.817718505859375000e-01 7.796280539319926373e-01 8.223297882080078125e+01 1.609756469726562500e+02 -5.673076248168945312e+01 1.894565887451171875e+02
1.650146484375000000e+00 -4.195861816406250000e-01 -5.749511718750000000e-01 3.342895507812500000e-01 7.863656386349324734e-01 1.830173683166503906e+01 -6.639223098754882812e+00 -2.758890986442565918e-01 1.947072029113769531e+01 -4.997863769531250000e-01 -5.682830810546875000e-01 3.539733886718750000e-01 8.354814436531728949e-01 1.212289199829101562e+02 1.267578048706054688e+02 6.557033538818359375e+01 1.872523956298828125e+02
1.675048828125000000e+00 2.368927001953125000e-01 -4.628295898437500000e-01 6.200103759765625000e-01 8.091614467826296897e-01 1.805184173583984375e+01 1.145470523834228516e+01 1.796762657165527344e+01 2.792695617675781250e+01 2.583160400390625000e-01 -4.115600585937500000e-01 4.994812011718750000e-01 6.968431162716989258e-01 -3.353546524047851562e+01 3.481859970092773438e+01 1.013766098022460938e+02 1.123128662109375000e+02
1.700683593750000000e+00 1.327972412109375000e-01 -2.926788330078125000e-01 1.075256347656250000e+00 1.122262099395283652e+00 -2.156711196899414062e+01 -2.609534978866577148e+00 1.062727642059326172e+01 2.418447875976562500e+01 1.127624511718750000e-01 -3.909301757812500000e-01 1.061401367187500000e+00 1.136712204121228975e+00 3.107578468322753906e+01 2.798833847045898438e+00 1.241430435180664062e+02 1.280040283203125000e+02
1.725585937500000000e+00 -3.203430175781250000e-01 -5.655059814453125000e-01 9.876098632812500000e-01 1.182281652573486497e+00 -4.232546329498291016e+00 -1.102328205108642578e+01 -1.692996406555175781e+01 2.064100074768066406e+01 -3.500823974609375000e-01 -4.906311035156250000e-01 8.644866943359375000e-01 1.053856636090903187e+00 2.641287326812744141e+00 1.315957794189453125e+02 1.328175048828125000e+02 1.869890747070312500e+02
1.750488281250000000e+00 -2.018585205078125000e-01 -6.801605224609375000e-01 6.932830810546875000e-01 9.919710827905311445e-01 1.389073657989501953e+01 2.692009449005126953e+00 -6.226772785186767578e+00 1.545872497558593750e+01 -2.691650390625000000e-01 -6.271667480468750000e-01 6.023101806640625000e-01 9.102557343081036922e-01 -2.037496337890625000e+02 -1.142768554687500000e+02 8.507943725585937500e+01 2.486194305419921875e+02
1.775390625000000000e+00 1.162414550781250000e-01 -3.997650146484375000e-01 6.640930175781250000e-01 7.838007902595945930e-01 3.013371944427490234e+00 1.306795215606689453e+01 4.071731567382812500e+00 1.401537704467773438e+01 7.337951660156250000e-02 -5.450286865234375000e-01 7.220153808593750000e-01 9.076051083966257815e-01 -6.472336578369140625e+01 1.118646850585937500e+02 5.448350906372070312e+01 1.402543182373046875e+02
1.800292968750000000e+00 -1.028747558593750000e-01 -9.611511230468750000e-02 6.881408691406250000e-01 7.023953203062243134e-01 -1.535828208923339844e+01 5.432850360870361328e+00 -2.899735927581787109e+00 1.654693794250488281e+01 -1.790466308593750000e-01 -2.397613525390625000e-01 5.421295166015625000e-01 6.192314712319599845e-01 -6.097539138793945312e+01 -1.314184875488281250e+02 5.465719604492187500e+01 1.548425903320312500e+02
1.825195312500000000e+00 -5.201568603515625000e-01 -3.779449462890625000e-01 5.233001708984375000e-01 8.290045902518098364e-01 -8.186969757080078125e+00 -1.896779632568359375e+01 -4.048310756683349609e+00 2.105213928222656250e+01 -5.629882812500000000e-01 -2.644042968750000000e-01 6.623077392578125000e-01 9.085796489640227680e-01 -6.621219635009765625e+00 -7.310526275634765625e+01 3.925103378295898438e+01 8.323979187011718750e+01
1.850097656250000000e+00 -3.423156738281250000e-01 -6.919708251953125000e-01 7.060699462890625000e-01 1.046201898546606834e+00 2.132441139221191406e+01 -9.275700569152832031e+00 1.922049903869628906e+01 3.016946792602539062e+01 -3.446502685546875000e-01 -6.256561279296875000e-01 7.631072998046875000e-01 1.045256977516050290e+00 3.164994201660156250e+02 2.924985961914062500e+02 4.574020767211914062e+01 4.333814392089843750e+02
1.875000000000000000e+00 2.784118652343750000e-01 -5.933074951171875000e-01 1.083419799804687500e+00 1.266224866709837027e+00 2.074800682067871094e+01 8.718032836914062500e+00 4.183020591735839844e+00 2.289064407348632812e+01 2.157440185546875000e-01 -6.392364501953125000e-01 1.117980957031250000e+00 1.305775685592643898e+00 -1.296359920501708984e+01 -5.123368835449218750e+01 -7.199401092529296875e+01 8.930892181396484375e+01
1.900634765625000000e+00 3.038482666015625000e-01 -5.598907470703125000e-01 1.060882568359375000e+00 1.237446258073663152e+00 -1.753099632263183594e+01 -5.227557182312011719e+00 -5.994976043701171875e+00 1.925105094909667969e+01 2.246704101562500000e-01 -6.128387451171875000e-01 1.023712158203125000e+00 1.214098308857024522e+00 -3.988488769531250000e+01 -8.037462615966796875e+01 1.491525840759277344e+01 9.095795440673828125e+01
1.925537109375000000e+00 -9.469604492187500000e-02 -1.027938842773437500e+00 8.806762695312500000e-01 1.356914255626242127e+00 -4.521625041961669922e+00 -2.067801856994628906e+01 -6.304312705993652344e+00 2.208551406860351562e+01 -9.135437011718750000e-02 -1.130645751953125000e+00 8.034973144531250000e-01 1.390076750284868101e+00 -8.277172088623046875e+01 9.668975830078125000e+01 2.442326736450195312e+01 1.296015472412109375e+02
1.950439453125000000e+00 1.006622314453125000e-01 -1.253906250000000000e+00 8.053741455078125000e-01 1.493667058912745649e+00 2.015906143188476562e+01 -1.827298998832702637e+00 2.108252048492431641e+00 2.035120391845703125e+01 1.091308593750000000e-01 -1.251373291015625000e+00 6.962280273437500000e-01 1.436167860660505058e+00 2.696521911621093750e+02 -3.745011568069458008e+00 3.637281417846679688e+01 2.721200256347656250e+02
1.975341796875000000e+00 4.865264892578125000e-01 -1.000473022460937500e+00 9.371185302734375000e-01 1.454594594106379590e+00 -2.526389062404632568e-01 1.556165027618408203e+01 7.436202049255371094e+00 1.724893760681152344e+01 4.082183837890625000e-01 -9.056091308593750000e-01 1.047363281250000000e+00 1.443516535987722449e+00 -4.378651809692382812e+01 -7.327906036376953125e+01 -2.108540153503417969e+01 8.792993927001953125e+01
2.000244140625000000e+00 1.751861572265625000e-01 -7.984771728515625000e-01 1.037612915039062500e+00 1.320945323132147964e+00 -1.357206153869628906e+01 1.508290886878967285e+00 -5.591866970062255859e+00 1.475617790222167969e+01 1.432800292968750000e-01 -7.440643310546875000e-01 1.075881958007812500e+00 1.315934224461807078e+00 -1.495051727294921875e+02 -7.918575286865234375e+01 -3.267004089355468750e+02 3.679067077636718750e+02
2.025146484375000000e+00 1.532592773437500000e-01 -8.956756591796875000e-01 8.512268066406250000e-01 1.245114600702478480e+00 6.579022407531738281e+00 -2.727853059768676758e+00 -4.408068656921386719e+00 8.375905036926269531e+00 2.498931884765625000e-01 -9.671173095703125000e-01 7.680816650390625000e-01 1.260044419965693496e+00 -3.403626632690429688e+01 9.233924102783203125e+01 -1.533203125000000000e+02 1.821870422363281250e+02
2.050048828125000000e+00 5.270233154296875000e-01 -8.025207519531250000e-01 7.072601318359375000e-01 1.192480618880867427e+00 1.649027252197265625e+01 1.019842624664306641e+01 -2.350267887115478516e+00 1.953102111816406250e+01 5.322875976562500000e-01 -8.061676025390625000e-01 6.672058105468750000e-01 1.174052760155928521e+00 3.000896072387695312e+01 -1.442139587402343750e+02 -1.280625343322753906e+00 1.473086700439453125e+02
2.075683593750000000e+00 5.689849853515625000e-01 -6.898498535156250000e-01 1.032669067382812500e+00 1.366031528435685427e+00 -1.242473316192626953e+01 -3.883394718170166016e+00 2.381277656555175781e+01 2.713858985900878906e+01 5.700225830078125000e-01 -6.011657714843750000e-01 8.764343261718750000e-01 1.206011259497875132e+00 -1.644284057617187500e+02 -8.097088623046875000e+01 3.811421203613281250e+01 1.872049102783203125e+02
2.100585937500000000e+00 8.169555664062500000e-02 -9.739227294921875000e-01 1.467224121093750000e+00 1.762936830551696588e+00 -1.689186668395996094e+01 -1.416766357421875000e+01 7.038744449615478516e+00 2.314307212829589844e+01 7.263183593750000000e-02 -1.012390136718750000e+00 1.487030029296875000e+00 1.800407587338968662e+00 -9.019390869140625000e+01 -3.085890960693359375e+01 -1.295727233886718750e+02 1.608611297607421875e+02
2.125488281250000000e+00 -6.384277343750000000e-02 -1.306701660156250000e+00 1.302032470703125000e+00 1.845761003797776523e+00 4.447000026702880859e+00 -8.280981063842773438e+00 -1.477291202545166016e+01 1.750969314575195312e+01 -1.310729980468750000e-01 -1.280761718750000000e+00 1.214416503906250000e+00 1.769841279887077734e+00 1.274409103393554688e+02 -8.226103973388671875e+01 9.767184448242187500e+01 1.804102325439453125e+02
2.150390625000000000e+00 1.752929687500000000e-01 -1.134689331054687500e+00 9.800262451171875000e-01 1.509536002889966255e+00 3.689897537231445312e+00 1.400036144256591797e+01 -9.145846366882324219e+00 1.712518501281738281e+01 5.764770507812500000e-02 -1.136749267578125000e+00 9.788665771484375000e-01 1.501233469883507476e+00 3.938873291015625000e+01 -2.669471359252929688e+01 7.642790222167968750e+01 9.002946472167968750e+01
2.175292968750000000e+00 3.410339355468750000e-02 -8.977966308593750000e-01 9.679718017578125000e-01 1.320670754136948677e+00 -1.453765773773193359e+01 1.936440587043762207e+00 7.545753002166748047e+00 1.649338340759277344e+01 -6.495666503906250000e-02 -1.022323608398437500e+00 9.156951904296875000e-01 1.373995127501498992e+00 2.317818069458007812e+01 1.220517883300781250e+02 -7.140551757812500000e+01 1.432920684814453125e+02
2.200195312500000000e+00 -2.420806884765625000e-01 -1.013076782226562500e+00 1.175811767578125000e+00 1.570815374000078757e+00 -4.453321456909179688e+00 -4.442115783691406250e+00 3.108165502548217773e+00 7.016064167022705078e+00 -1.231842041015625000e-01 -1.033203125000000000e+00 1.003356933593750000e+00 1.445478530397651395e+00 -4.676860961914062500e+02 3.352626953125000000e+02 -7.619339752197265625e+01 5.804625854492187500e+02
2.225097656250000000e+00 2.944946289062500000e-03 -1.110763549804687500e+00 1.104446411132812500e+00 1.566399122620893758e+00 1.994460487365722656e+01 -8.023320198059082031e+00 -1.141556262969970703e+01 2.434082984924316406e+01 -1.725769042968750000e-02 -1.176620483398437500e+00 1.174621582031250000e+00 1.662669375072908462e+00 5.010025787353515625e+01 -3.859176635742187500e+01 2.054963226318359375e+02 2.150072021484375000e+02
2.250000000000000000e+00 3.298187255859375000e-01 -1.123474121093750000e+00 7.257995605468750000e-01 1.377591918749722755e+00 2.900110960006713867e+00 3.165115833282470703e+00 -4.775099277496337891e+00 6.421072959899902344e+00 2.919616699218750000e-01 -1.201034545898437500e+00 7.204742431640625000e-01 1.430667233219473866e+00 -2.425524291992187500e+02 -1.775607910156250000e+02 -1.305626983642578125e+02 3.277287597656250000e+02
2.275634765625000000e+00 8.276367187500000000e-02 -1.203125000000000000e+00 1.042434692382812500e+00 1.594060751317364799e+00 -1.774187088012695312e+01 -1.891236186027526855e+00 1.967943763732910156e+01 2.656371688842773438e+01 8.193969726562500000e-02 -1.182510375976562500e+00 1.013626098632812500e+00 1.559641872709818466e+00 -5.903609085083007812e+01 -1.056675262451171875e+02 1.267289638519287109e+01 1.217024612426757812e+02
2.300537109375000000e+00 -2.626342773437500000e-01 -1.259582519531250000e+00 1.424774169921875000e+00 1.919767257357290591e+00 -5.837545394897460938e+00 -3.647905588150024414e-01 8.942500114440917969e+00 1.068542575836181641e+01 -8.229064941406250000e-02 -1.298828125000000000e+00 1.489120483398437500e+00 1.977676936041071309e+00 3.509967803955078125e+01 3.158693695068359375e+01 -5.187504959106445312e+01 7.014800262451171875e+01
2.325439453125000000e+00 -6.152343750000000000e-02 -1.225463867187500000e+00 1.284286499023437500e+00 1.776214692743486090e+00 2.193304634094238281e+01 6.606592655181884766e+00 -1.203756618499755859e+01 2.587679672241210938e+01 -1.195678710937500000e-01 -1.254470825195312500e+00 1.254745483398437500e+00 1.778308115927292876e+00 -5.349086380004882812e+01 -4.997470855712890625e+01 -8.975581169128417969e+00 7.375164794921875000e+01
2.350341796875000000e+00 2.595825195312500000e-01 -1.138198852539062500e+00 1.014556884765625000e+00 1.546675591322485444e+00 3.676594495773315430e-01 2.477139949798583984e+00 -1.780021548271179199e+00 3.072437524795532227e+00 2.741699218750000000e-01 -1.128707885742187500e+00 1.015060424804687500e+00 1.542562252682923463e+00 4.810718917846679688e+01 -1.980016632080078125e+02 -5.767933654785156250e+01 2.117684326171875000e+02
2.375244140625000000e+00 1.798248291015625000e-01 -1.032608032226562500e+00 1.195388793945312500e+00 1.589833540365232167e+00 -6.088380813598632812e+00 4.162295818328857422e+00 1.151323032379150391e+01 1.367287731170654297e+01 1.028747558593750000e-01 -8.837127685546875000e-01 1.165481567382812500e+00 1.466246485625392282e+00 5.856350708007812500e+01 -6.684339904785156250e+01 -4.585457229614257812e+01 1.000018310546875000e+02
2.400146484375000000e+00 -1.235961914062500000e-03 -8.532104492187500000e-01 1.406723022460937500e+00 1.645247476879861281e+00 -1.511474490165710449e+00 7.524392127990722656e+00 6.901820659637451172e+00 1.032163524627685547e+01 3.723144531250000000e-03 -9.689483642578125000e-01 1.528839111328125000e+00 1.810034204850743178e+00 -8.849762725830078125e+01 -1.681622886657714844e+01 1.300717258453369141e+01 9.101539611816406250e+01
2.425048828125000000e+00 7.635498046875000000e-02 -1.028121948242187500e+00 1.440322875976562500e+00 1.771269265402945603e+00 2.311941146850585938e+00 -1.469105148315429688e+01 -9.487804412841796875e+00 1.764059257507324219e+01 7.238769531250000000e-02 -1.042251586914062500e+00 1.377502441406250000e+00 1.728884416303680061e+00 5.844208526611328125e+01 -2.268247985839843750e+01 -1.284555511474609375e+02 1.429363555908203125e+02
2.450683593750000000e+00 8.276367187500000000e-02 -1.481994628906250000e+00 1.123397827148437500e+00 1.861499552385397882e+00 -6.114047050476074219e+00 -1.848456192016601562e+01 -8.281049728393554688e+00 2.115741920471191406e+01 2.337646484375000000e-02 -1.491897583007812500e+00 1.033477783203125000e+00 1.815043025844728986e+00 -8.677572631835937500e+01 -2.783210182189941406e+01 1.145204162597656250e+02 1.463542938232421875e+02
2.475585937500000000e+00 -2.789001464843750000e-01 -1.531616210937500000e+00 1.082092285156250000e+00 1.895931755868397683e+00 -1.627917861938476562e+01 1.286231708526611328e+01 3.654404640197753906e+00 2.106669235229492188e+01 -3.462677001953125000e-01 -1.482681274414062500e+00 1.103256225585937500e+00 1.880271092420129797e+00 8.085000610351562500e+01 -5.472417831420898438e+01 -6.299497604370117188e+01 1.161887512207031250e+02
2.500488281250000000e+00 -4.263763427734375000e-01 -1.098648071289062500e+00 1.352264404296875000e+00 1.793723331328555437e+00 6.274263381958007812e+00 1.912634086608886719e+01 1.213808345794677734e+01 2.350566673278808594e+01 -3.578186035156250000e-01 -1.144287109375000000e+00 1.392227172851562500e+00 1.837314247081843099e+00 -2.684353942871093750e+02 5.048008117675781250e+02 2.156486206054687500e+02 6.110529785156250000e+02
2.525390625000000000e+00 -7.765197753906250000e-02 -9.368133544921875000e-01 1.453887939453125000e+00 1.731311419490406234e+00 1.764125061035156250e+01 -1.287092590332031250e+01 -2.910463809967041016e+00 2.203055191040039062e+01 -7.830810546875000000e-02 -9.244079589843750000e-01 1.431808471679687500e+00 1.706088430764796326e+00 5.042819595336914062e+01 6.852662658691406250e+01 1.709020690917968750e+02 1.909094543457031250e+02
2.550292968750000000e+00 4.300231933593750000e-01 -1.316848754882812500e+00 1.298828125000000000e+00 1.898937884280163413e+00 1.082508087158203125e+01 -1.486150646209716797e+01 -9.059712409973144531e+00 2.049695396423339844e+01 4.021759033203125000e-01 -1.347335815429687500e+00 1.288955688476562500e+00 1.907476349422760009e+00 -9.425149536132812500e+01 1.468399715423583984e+01 3.658761978149414062e+01 1.021646652221679688e+02
2.575195312500000000e+00 2.600250244140625000e-01 -1.388458251953125000e+00 1.252868652343750000e+00 1.888149673824589980e+00 -2.158130455017089844e+01 6.925507545471191406e+00 8.222188949584960938e+00 2.411057281494140625e+01 1.246643066406250000e-01 -1.310241699218750000e+00 1.236740112304687500e+00 1.806045571159608398e+00 5.592105484008789062e+01 -1.731299400329589844e+01 -2.923958778381347656e+01 6.543590545654296875e+01
2.600097656250000000e+00 5.349731445312500000e-02 -1.246353149414062500e+00 1.492431640625000000e+00 1.945150466582644011e+00 9.117779731750488281e+00 -2.379342317581176758e-01 9.649847984313964844e+00 1.327818107604980469e+01 5.737304687500000000e-02 -1.283752441406250000e+00 1.544174194335937500e+00 2.008926564057847752e+00 -1.316185283660888672e+01 6.878253173828125000e+01 -5.422298049926757812e+01 8.856863403320312500e+01
2.625000000000000000e+00 2.874298095703125000e-01 -1.413589477539062500e+00 1.454681396484375000e+00 2.048645667683047122e+00 4.119340419769287109e+00 -1.346186923980712891e+01 -5.583984851837158203e+00 1.514502525329589844e+01 2.662048339843750000e-01 -1.466552734375000000e+00 1.545349121093750000e+00 2.147031868045899294e+00 -3.884036636352539062e+01 -3.079971923828125000e+02 -1.235967864990234375e+02 3.341361999511718750e+02
2.650634765625000000e+00 1.905059814453125000e-01 -1.629653930664062500e+00 1.283615112304687500e+00 2.083202395167652821e+00 -9.793372154235839844e+00 -9.979861259460449219e+00 -8.094555854797363281e+00 1.615641021728515625e+01 2.203063964843750000e-01 -1.659774780273437500e+00 1.294357299804687500e+00 2.116305282590711379e+00 -3.509682464599609375e+01 5.758250045776367188e+01 1.311057586669921875e+02 1.474321899414062500e+02
2.675537109375000000e+00 1.589965820312500000e-02 -1.833786010742187500e+00 1.376831054687500000e+00 2.293182872227292890e+00 -1.039675593376159668e+00 -6.345814704895019531e+00 1.485309410095214844e+01 1.618532371520996094e+01 1.615905761718750000e-02 -1.746582031250000000e+00 1.336898803710937500e+00 2.199570030345064264e+00 3.415746688842773438e+01 -1.231453018188476562e+02 6.813664245605468750e+01 1.448243713378906250e+02
2.700439453125000000e+00 9.353637695312500000e-02 -1.842514038085937500e+00 1.915145874023437500e+00 2.659208670478167225e+00 8.431388854980468750e+00 1.156386756896972656e+01 2.197690963745117188e+01 2.622586250305175781e+01 1.032409667968750000e-01 -1.926925659179687500e+00 1.943054199218750000e+00 2.738459569599639654e+00 -1.330254516601562500e+02 7.400430297851562500e+01 -1.734903564453125000e+02 2.308057861328125000e+02
2.725341796875000000e+00 1.680603027343750000e-01 -1.491241455078125000e+00 2.065841674804687500e+00 2.553379558165712382e+00 3.559144735336303711e+00 1.419918632507324219e+01 -8.788966178894042969e+00 1.707425880432128906e+01 1.783905029296875000e-01 -1.384216308593750000e+00 2.026763916015625000e+00 2.460823019190003791e+00 -1.283860397338867188e+01 -2.509792900085449219e+01 8.413839721679687500e+01 8.873559570312500000e+01
2.750244140625000000e+00 2.121276855468750000e-01 -1.388992309570312500e+00 1.701004028320312500e+00 2.206289304552527586e+00 -5.652215003967285156e+00 -9.328866004943847656e+00 -1.626043128967285156e+01 1.958001327514648438e+01 1.268768310546875000e-01 -1.421813964843750000e+00 1.718963623046875000e+00 2.234387750199509082e+00 1.377910804748535156e+01 -6.058815383911132812e+01 1.393532104492187500e+02 1.525782012939453125e+02
2.775146484375000000e+00 1.229858398437500000e-01 -1.611541748046875000e+00 1.590225219726562500e+00 2.267379229849837863e+00 3.531171083450317383e+00 -2.505846023559570312e+00 4.838773250579833984e+00 6.493239879608154297e+00 1.673736572265625000e-01 -1.586242675781250000e+00 1.533111572265625000e+00 2.212376744729032563e+00 2.755392456054687500e+01 -5.994852066040039062e+01 6.895754241943359375e+01 9.543682098388671875e+01
2.800048828125000000e+00 2.611541748046875000e-01 -1.675369262695312500e+00 1.755554199218750000e+00 2.440703631290931597e+00 2.203229188919067383e+00 -5.827527046203613281e+00 -7.012522816658020020e-01 6.269453525543212891e+00 2.499694824218750000e-01 -1.747467041015625000e+00 1.691757202148437500e+00 2.445029290744647366e+00 -1.510826416015625000e+02 -5.617557144165039062e+01 5.919061660766601562e+01 1.717125244140625000e+02
2.825683593750000000e+00 3.913879394531250000e-01 -1.799667358398437500e+00 1.497848510742187500e+00 2.373928659662451146e+00 9.901069641113281250e+00 -3.317995786666870117e+00 -1.065872573852539062e+01 1.492141819000244141e+01 3.174438476562500000e-01 -1.786392211914062500e+00 1.510086059570312500e+00 2.360577818778829329e+00 -5.467548751831054688e+01 4.789436340332031250e+01 -5.114907073974609375e+01 8.887917327880859375e+01
2.850585937500000000e+00 6.183166503906250000e-01 -1.619689941406250000e+00 1.378952026367187500e+00 2.215224520780012529e+00 8.688768744468688965e-01 1.511279296875000000e+01 1.345169663429260254e+00 1.519739913940429688e+01 5.151977539062500000e-01 -1.647827148437500000e+00 1.393951416015625000e+00 2.218978050132464297e+00 6.778980255126953125e+01 -5.174670028686523438e+01 1.843441200256347656e+01 8.725254058837890625e+01
2.875488281250000000e+00 4.021148681640625000e-01 -1.392013549804687500e+00 1.617141723632812500e+00 2.171300403986641481e+00 -1.805484008789062500e+01 9.425125718116760254e-01 1.341946315765380859e+01 2.251549530029296875e+01 3.104095458984375000e-01 -1.428909301757812500e+00 1.584945678710937500e+00 2.156429614733425204e+00 1.115429687500000000e+01 1.102481994628906250e+02 2.306866645812988281e+01 1.131867752075195312e+02
2.900390625000000000e+00 -1.094207763671875000e-01 -1.548461914062500000e+00 2.029556274414062500e+00 2.555152808858285773e+00 -7.747712612152099609e+00 -1.287220001220703125e+01 1.483908843994140625e+01 2.111679649353027344e+01 -1.211547851562500000e-02 -1.733642578125000000e+00 2.031204223632812500e+00 2.670478229009054516e+00 -1.636567497253417969e+01 -2.791076087951660156e+01 -7.444895172119140625e+01 8.117568969726562500e+01
2.925292968750000000e+00 2.231140136718750000e-01 -1.805648803710937500e+00 2.078994750976562500e+00 2.762673820780805034e+00 2.650500297546386719e+01 -3.149219512939453125e+00 -4.815231800079345703e+00 2.712230110168457031e+01 2.732543945312500000e-01 -1.785568237304687500e+00 2.043304443359375000e+00 2.727272436419613477e+00 8.817433929443359375e+01 -5.749939346313476562e+01 4.482475280761718750e+01 1.144122085571289062e+02
2.950195312500000000e+00 7.572479248046875000e-01 -1.792602539062500000e+00 1.933639526367187500e+00 2.743320998462237537e+00 7.389240741729736328e+00 4.603188514709472656e+00 -7.761492729187011719e+00 1.166323280334472656e+01 8.355712890625000000e-01 -1.759933471679687500e+00 1.816513061523437500e+00 2.663693846246099284e+00 -4.340903854370117188e+01 -1.326324748992919922e+01 9.052056121826171875e+01 1.012631759643554688e+02
2.975097656250000000e+00 3.150939941406250000e-01 -1.649307250976562500e+00 1.894210815429687500e+00 2.531310578842145720e+00 -3.328071594238281250e+01 4.859207153320312500e+00 5.898772716522216797e+00 3.414694213867187500e+01 2.606506347656250000e-01 -1.583892822265625000e+00 1.856216430664062500e+00 2.454016027513985510e+00 6.517653465270996094e+00 -3.390104675292968750e+01 1.555335235595703125e+02 1.593186798095703125e+02
3.000000000000000000e+00 -2.661437988281250000e-01 -1.700698852539062500e+00 2.143157958984375000e+00 2.748878888900058826e+00 -9.133272171020507812e+00 -1.681654572486877441e+00 9.984849929809570312e+00 1.363605022430419922e+01 -3.196411132812500000e-01 -1.726409912109375000e+00 2.100357055664062500e+00 2.737546600006470321e+00 -3.348863601684570312e+01 -4.622801971435546875e+01 -4.612588119506835938e+01 7.339015960693359375e+01
3.025634765625000000e+00 5.450439453125000000e-02 -1.736007690429687500e+00 2.086090087890625000e+00 2.714491717624084366e+00 2.370043182373046875e+01 7.109919190406799316e-01 -1.415949916839599609e+01 2.761715698242187500e+01 2.807617187500000000e-03 -1.755722045898437500e+00 2.065216064453125000e+00 2.710661391255521746e+00 1.106241455078125000e+02 -2.865683317184448242e+00 -2.367284011840820312e+01 1.131649932861328125e+02
3.050537109375000000e+00 3.646392822265625000e-01 -1.799102783203125000e+00 1.811599731445312500e+00 2.579074682448079248e+00 -2.804502844810485840e-01 1.204847916960716248e-02 -8.414216041564941406e+00 8.418897628784179688e+00 4.073638916015625000e-01 -1.851684570312500000e+00 1.799926757812500000e+00 2.614271872167004407e+00 1.092865676879882812e+02 -9.933258819580078125e+01 1.036371917724609375e+02 1.804194641113281250e+02
3.075439453125000000e+00 9.776306152343750000e-02 -1.741775512695312500e+00 1.807907104492187500e+00 2.512343060033159325e+00 -8.069980621337890625e+00 -4.131783008575439453e+00 5.459255695343017578e+00 1.058299064636230469e+01 1.316375732421875000e-01 -1.682556152343750000e+00 1.873687744140625000e+00 2.521711605045604987e+00 -4.610532379150390625e+01 -1.668642425537109375e+02 6.095978546142578125e+01 1.835360260009765625e+02
3.100341796875000000e+00 8.666992187500000000e-03 -1.878829956054687500e+00 1.984603881835937500e+00 2.732897672493485253e+00 7.510887980461120605e-01 -6.748818397521972656e+00 7.228815078735351562e+00 9.917986869812011719e+00 4.879760742187500000e-02 -1.881820678710937500e+00 1.972854614257812500e+00 2.726863693387063137e+00 -2.110745849609375000e+02 2.788038330078125000e+02 9.895479583740234375e+01 3.634227600097656250e+02
3.125244140625000000e+00 2.095947265625000000e-01 -2.234924316406250000e+00 2.108123779296875000e+00 3.079448411372350147e+00 9.133563995361328125e+00 -1.571149730682373047e+01 -2.023305177688598633e+00 1.828570175170898438e+01 2.322540283203125000e-01 -2.327682495117187500e+00 1.983779907226562500e+00 3.067153477095956760e+00 1.629372978210449219e+01 -1.327400817871093750e+02 1.977894744873046875e+02 2.387594909667968750e+02
3.150146484375000000e+00 2.717132568359375000e-01 -2.435852050781250000e+00 2.005050659179687500e+00 3.166611983352635828e+00 -2.663013696670532227e+00 2.402196884155273438e+00 -1.153083801269531250e+01 1.207569503784179688e+01 3.397521972656250000e-01 -2.377334594726562500e+00 2.050857543945312500e+00 3.158032298186313369e+00 -1.108499622344970703e+01 2.995038223266601562e+01 1.707351303100585938e+01 3.621335983276367188e+01
3.175048828125000000e+00 3.988647460937500000e-02 -1.984344482421875000e+00 1.788101196289062500e+00 2.671426555970663141e+00 -7.691022396087646484e+00 2.838750839233398438e+01 -3.892198085784912109e+00 2.966735076904296875e+01 7.240295410156250000e-02 -2.028259277343750000e+00 1.782989501953125000e+00 2.701505033859584959e+00 1.363284149169921875e+02 2.410423431396484375e+02 -8.538753509521484375e+01 2.897893676757812500e+02
3.200683593750000000e+00 -2.484130859375000000e-02 -1.702926635742187500e+00 1.907180786132812500e+00 2.556934642951795844e+00 -2.837488174438476562e+00 -6.241847515106201172e+00 1.062964344024658203e+01 1.264916229248046875e+01 -4.089355468750000000e-03 -1.663528442382812500e+00 1.913055419921875000e+00 2.535177437801385381e+00 1.100944709777832031e+01 7.588463592529296875e+01 1.280872497558593750e+02 1.492850646972656250e+02
3.225585937500000000e+00 2.432250976562500000e-02 -2.043289184570312500e+00 2.122955322265625000e+00 2.946618668338211400e+00 4.650677680969238281e+00 -2.412614631652832031e+01 1.950954318046569824e+00 2.464763450622558594e+01 5.157470703125000000e-02 -1.997772216796875000e+00 2.155136108398437500e+00 2.939109631560826941e+00 -2.547810935974121094e+01 2.973041725158691406e+01 4.792764663696289062e+01 6.188772964477539062e+01
3.250488281250000000e+00 2.301940917968750000e-01 -2.484634399414062500e+00 2.222503662109375000e+00 3.341544545077837380e+00 1.162263011932373047e+01 -8.282220840454101562e+00 3.645593643188476562e+00 1.472993755340576172e+01 2.089080810546875000e-01 -2.513427734375000000e+00 2.201583862304687500e+00 3.347825124616849113e+00 -5.712919616699218750e+01 1.037737426757812500e+02 -3.430328369140625000e+01 1.233265991210937500e+02
3.275390625000000000e+00 3.897705078125000000e-01 -2.346603393554687500e+00 2.384323120117187500e+00 3.368006127745041489e+00 -4.273671507835388184e-01 1.824320030212402344e+01 1.477193355560302734e+00 1.830789756774902344e+01 3.382568359375000000e-01 -2.298477172851562500e+00 2.341278076171875000e+00 3.298332613782490430e+00 7.926645660400390625e+01 6.700712585449218750e+01 1.780199623107910156e+01 1.053092422485351562e+02
3.300292968750000000e+00 2.194061279296875000e-01 -1.925582885742187500e+00 2.198852539062500000e+00 2.931034115696695697e+00 -1.477254486083984375e+01 4.798348844051361084e-01 -6.780208110809326172e+00 1.626128959655761719e+01 2.372589111328125000e-01 -1.894195556640625000e+00 2.255661010742187500e+00 2.955042333553189682e+00 1.530001678466796875e+02 1.761835174560546875e+02 -8.115695190429687500e+01 2.470549163818359375e+02
3.325195312500000000e+00 -2.421417236328125000e-01 -2.193328857421875000e+00 2.164810180664062500e+00 3.091233929910544465e+00 -1.192142009735107422e+01 -2.006770324707031250e+01 3.604459762573242188e+00 2.361832046508789062e+01 -1.670684814453125000e-01 -2.159240722656250000e+00 2.228256225585937500e+00 3.107307223744059765e+00 -1.502678966522216797e+01 -1.137619247436523438e+02 -7.149324798583984375e+01 1.351993560791015625e+02
3.350097656250000000e+00 -1.368255615234375000e-01 -2.574905395507812500e+00 2.291275024414062500e+00 3.449463765225706968e+00 1.479387474060058594e+01 -2.289758682250976562e+00 5.833834648132324219e+00 1.606659126281738281e+01 -2.089691162109375000e-01 -2.585876464843750000e+00 2.248733520507812500e+00 3.433253213676243032e+00 -4.540589523315429688e+01 6.044504165649414062e+01 5.537062072753906250e+01 9.370807647705078125e+01
3.375000000000000000e+00 2.737579345703125000e-01 -2.413391113281250000e+00 2.390731811523437500e+00 3.408078442030824551e+00 9.094402313232421875e+00 8.769219398498535156e+00 4.577391624450683594e+00 1.343725681304931641e+01 2.760009765625000000e-01 -2.407852172851562500e+00 2.440505981445312500e+00 3.439476423940102112e+00 -4.606743621826171875e+01 -1.143834609985351562e+02 2.853366661071777344e+01 1.265699615478515625e+02
3.400634765625000000e+00 2.743530273437500000e-01 -2.254364013671875000e+00 2.508514404296875000e+00 3.383795384818111707e+00 -1.198144721984863281e+01 -3.252443969249725342e-01 2.766115427017211914e+00 1.230090522766113281e+01 3.132019042968750000e-01 -2.302917480468750000e+00 2.417922973632812500e+00 3.353785303373647331e+00 7.079155731201171875e+01 8.684953308105468750e+01 -2.588953971862792969e+01 1.149980621337890625e+02
3.425537109375000000e+00 -7.110595703125000000e-02 -2.351699829101562500e+00 2.345596313476562500e+00 3.322253784574033642e+00 -8.269092559814453125e+00 -6.587884902954101562e+00 -9.650940895080566406e+00 1.431498527526855469e+01 -9.925842285156250000e-02 -2.274887084960937500e+00 2.349060058593750000e+00 3.271551106540981912e+00 9.640599060058593750e+01 -3.531272506713867188e+01 -1.631684494018554688e+01 1.039583740234375000e+02
3.450439453125000000e+00 -7.751464843750000000e-02 -2.309310913085937500e+00 2.274063110351562500e+00 3.241957501862419377e+00 6.515147209167480469e+00 1.552213859558105469e+01 5.751181125640869141e+00 1.778932189941406250e+01 -9.352111816406250000e-02 -2.293548583984375000e+00 2.218170166015625000e+00 3.192082422501206995e+00 9.117459869384765625e+01 -4.925611114501953125e+01 -1.458480834960937500e+01 1.046503219604492188e+02
3.475341796875000000e+00 2.447357177734375000e-01 -2.045166015625000000e+00 2.620620727539062500e+00 3.333204554273391906e+00 1.357857799530029297e+01 2.604590177536010742e+00 1.689228820800781250e+01 2.182913208007812500e+01 2.147064208984375000e-01 -2.078155517578125000e+00 2.571228027343750000e+00 3.313011133548068088e+00 4.685137176513671875e+01 -2.835095787048339844e+01 -5.470426940917968750e+01 7.740403747558593750e+01
3.500244140625000000e+00 4.821472167968750000e-01 -2.085876464843750000e+00 2.730133056640625000e+00 3.469434114119464674e+00 9.491689205169677734e-01 -7.448868751525878906e+00 -9.320257186889648438e+00 1.196886634826660156e+01 5.095520019531250000e-01 -2.123321533203125000e+00 2.635086059570312500e+00 3.422253076176614783e+00 4.971944427490234375e+01 -9.344046592712402344e+00 -3.425548171997070312e+01 6.109642028808593750e+01
3.525146484375000000e+00 2.203521728515625000e-01 -2.452972412109375000e+00 2.401473999023437500e+00 3.439870070603788133e+00 -2.046869087219238281e+01 -1.991880226135253906e+01 -8.111287117004394531e+00 2.969038581848144531e+01 2.287139892578125000e-01 -2.520339965820312500e+00 2.340148925781250000e+00 3.446842123890865750e+00 4.275402069091796875e+01 -6.545167541503906250e+01 -8.222057342529296875e+01 1.134550628662109375e+02
3.550048828125000000e+00 -1.185607910156250000e-01 -2.742630004882812500e+00 2.554290771484375000e+00 3.749730303653849628e+00 -6.588279247283935547e+00 -3.724028348922729492e+00 1.374411487579345703e+01 1.568994903564453125e+01 -5.056762695312500000e-02 -2.849716186523437500e+00 2.639892578125000000e+00 3.884903120113655017e+00 -7.347489929199218750e+01 1.088870544433593750e+02 3.951354598999023438e+01 1.371724090576171875e+02
3.575683593750000000e+00 -1.364135742187500000e-02 -2.771316528320312500e+00 2.987731933593750000e+00 4.075159321276839108e+00 1.213894176483154297e+01 5.074119091033935547e+00 8.065731048583984375e+00 1.543232345581054688e+01 4.997253417968750000e-02 -2.755249023437500000e+00 3.040618896484375000e+00 4.103566462113596103e+00 -5.803042602539062500e+01 5.636025905609130859e+00 2.731244277954101562e+01 6.438372802734375000e+01
3.600585937500000000e+00 1.181030273437500000e-02 -2.456069946289062500e+00 2.784362792968750000e+00 3.712828467244854380e+00 -8.055617332458496094e+00 1.883908462524414062e+01 -1.985954475402832031e+01 2.853428840637207031e+01 6.896972656250000000e-03 -2.480270385742187500e+00 2.680099487304687500e+00 3.651673865020310217e+00 3.534486007690429688e+01 2.290233612060546875e+01 -8.370985031127929688e+00 4.294006729125976562e+01
3.625488281250000000e+00 -1.818237304687500000e-01 -2.051559448242187500e+00 2.367141723632812500e+00 3.137724649869182425e+00 -2.612140178680419922e+00 4.176797389984130859e+00 -9.441774368286132812e+00 1.064969539642333984e+01 -1.263275146484375000e-01 -2.112319946289062500e+00 2.346664428710937500e+00 3.159855714652982428e+00 -1.342185211181640625e+02 -9.068664550781250000e+01 8.842343902587890625e+01 1.845464172363281250e+02
3.650390625000000000e+00 -3.503417968750000000e-02 -2.371322631835937500e+00 2.424499511718750000e+00 3.391547773558283740e+00 7.530645847320556641e+00 -2.159730911254882812e+01 1.060970783233642578e+01 2.521349334716796875e+01 -7.104492187500000000e-02 -2.268692016601562500e+00 2.448272705078125000e+00 3.338570065993291092e+00 -1.589457855224609375e+02 -1.465061950683593750e+02 1.546237030029296875e+02 2.657749328613281250e+02
3.675292968750000000e+00 1.746673583984375000e-01 -2.847732543945312500e+00 2.805786132812500000e+00 4.001565337592034588e+00 6.750496387481689453e+00 -7.012566566467285156e+00 1.562425231933593750e+01 1.840822029113769531e+01 1.722717285156250000e-01 -2.847091674804687500e+00 2.859497070312500000e+00 4.038852813400569453e+00 -7.535501098632812500e+01 -1.276716232299804688e+01 -2.219333267211914062e+01 7.958593750000000000e+01
3.700195312500000000e+00 1.949157714843750000e-01 -2.767700195312500000e+00 2.966369628906250000e+00 4.061712114909623139e+00 -4.995961189270019531e+00 1.065870475769042969e+01 -1.556026339530944824e+00 1.187387180328369141e+01 2.454986572265625000e-01 -2.775772094726562500e+00 2.935791015625000000e+00 4.047721482511760449e+00 7.036769866943359375e+01 -9.015351104736328125e+01 -2.930643856525421143e-01 1.143650054931640625e+02
3.725097656250000000e+00 8.604431152343750000e-02 -2.571166992187500000e+00 2.878570556640625000e+00 3.860631007337838927e+00 2.035488128662109375e+00 6.102097988128662109e+00 -4.007971763610839844e+00 7.579092979431152344e+00 1.004180908203125000e-01 -2.529052734375000000e+00 2.883819580078125000e+00 3.837004938315252467e+00 -1.589088153839111328e+01 -1.148677062988281250e+02 2.173169374465942383e+00 1.159820404052734375e+02
