0.000000000000000000e+00 2.000000000000000000e+00 0.000000000000000000e+00 0.000000000000000000e+00 2.000000000000000000e+00 0.000000000000000000e+00 1.046917266845703125e+02 0.000000000000000000e+00 1.046917266845703125e+02 1.925659179687500000e-02 5.661010742187500000e-03 2.778625488281250000e-02 3.427738803741115642e-02 -1.273341369628906250e+01 -1.918391418457031250e+01 1.426660728454589844e+01 2.708686828613281250e+01
2.636718750000000000e-02 3.732147216796875000e-01 2.067138671875000000e+00 3.067016601562500000e-03 2.100562049507326279e+00 -9.828061676025390625e+01 3.863595199584960938e+01 -1.363629579544067383e+00 1.056109619140625000e+02 7.041931152343750000e-02 -1.139831542968750000e-02 -7.098388671875000000e-02 1.006355464225733853e-01 2.827988815307617188e+01 3.979012012481689453e+00 2.972213506698608398e+00 2.871269035339355469e+01
5.126953125000000000e-02 -1.780380249023437500e+00 1.941513061523437500e+00 -1.038970947265625000e-01 2.636289325068758238e+00 -6.042012023925781250e+01 -4.226567459106445312e+01 -5.042069435119628906e+00 7.390805053710937500e+01 1.758880615234375000e-01 2.272949218750000000e-01 -1.099395751953125000e-01 3.077113938266840543e-01 -5.719894409179687500e+01 2.328060913085937500e+01 2.151232719421386719e+01 6.539485168457031250e+01
7.617187500000000000e-02 -2.359405517578125000e+00 3.163909912109375000e-01 -1.568603515625000000e-01 2.385687076208832913e+00 1.733945274353027344e+01 -7.761160278320312500e+01 1.658812761306762695e+00 7.954225158691406250e+01 2.064056396484375000e-01 4.023590087890625000e-01 -5.108642578125000000e-02 4.550888736626074182e-01 -1.094881439208984375e+01 1.806751632690429688e+01 -9.734368324279785156e+00 2.326090240478515625e+01
1.010742187500000000e-01 -7.931060791015625000e-01 -1.280075073242187500e+00 -7.339477539062500000e-03 1.505876261109920122e+00 1.035557708740234375e+02 -3.432997512817382812e+01 9.079300880432128906e+00 1.094750137329101562e+02 -1.290893554687500000e-01 2.259826660156250000e-01 2.009887695312500000e-01 3.288293060427442405e-01 7.322630310058593750e+01 2.702736473083496094e+01 1.085315551757812500e+02 1.336849517822265625e+02
1.259765625000000000e-01 1.710433959960937500e+00 -8.781280517578125000e-01 2.368469238281250000e-01 1.937211829408046704e+00 6.931756591796875000e+01 5.705146026611328125e+01 9.406495094299316406e+00 9.026779937744140625e+01 1.215667724609375000e-01 1.987609863281250000e-01 -1.396179199218750000e-02 2.334081007341680947e-01 2.542403411865234375e+01 -1.278927803039550781e+00 -1.376771163940429688e+01 2.894075202941894531e+01
1.508789062500000000e-01 1.938247680664062500e+00 8.377685546875000000e-01 3.032989501953125000e-01 2.133225369250136172e+00 -4.945130157470703125e+01 6.361243057250976562e+01 -3.158856153488159180e+00 8.063467407226562500e+01 2.152557373046875000e-01 1.620635986328125000e-01 4.711914062500000000e-02 2.735321843177517254e-01 1.659306645393371582e+00 -3.118627309799194336e+00 -1.510367107391357422e+01 1.551128673553466797e+01
1.757812500000000000e-01 -1.601409912109375000e-01 1.519577026367187500e+00 8.178710937500000000e-02 1.530179272957545855e+00 -9.650367736816406250e+01 -2.072728538513183594e+01 -1.477519321441650391e+01 9.980424499511718750e+01 6.347656250000000000e-03 -5.288696289062500000e-02 -8.990478515625000000e-02 1.044997319501537320e-01 -1.413598060607910156e+01 -1.941102790832519531e+01 -8.384470343589782715e-01 2.402742004394531250e+01
2.006835937500000000e-01 -1.727340698242187500e+00 -2.043151855468750000e-02 -2.382049560546875000e-01 1.743807597140026866e+00 -1.742071151733398438e+01 -8.328142547607421875e+01 -7.102624893188476562e+00 8.537988281250000000e+01 -1.728881835937500000e+00 3.829956054687500000e-03 -2.701873779296875000e-01 1.749870935352239476e+00 1.681108093261718750e+01 -2.029749870300292969e+01 1.808432464599609375e+02 1.827536010742187500e+02
2.255859375000000000e-01 -8.584442138671875000e-01 -1.621322631835937500e+00 -1.600952148437500000e-01 1.841533063140960991e+00 7.278564453125000000e+01 -2.808061218261718750e+01 1.218386173248291016e+01 7.896022033691406250e+01 -2.687377929687500000e-01 5.175781250000000000e-02 -3.533935546875000000e-02 2.759488042544242514e-01 3.974935150146484375e+01 3.247245025634765625e+01 -2.471084785461425781e+01 5.696575546264648438e+01
2.504882812500000000e-01 1.062530517578125000e+00 -8.403930664062500000e-01 2.353820800781250000e-01 1.375004120164897037e+00 5.519076156616210938e+01 7.930182647705078125e+01 1.185853385925292969e+01 9.734179687500000000e+01 -2.150421142578125000e-01 -1.724243164062500000e-03 9.997558593750000000e-02 2.371522753475187595e-01 -2.147173166275024414e+00 2.426385879516601562e+00 9.887458801269531250e+00 1.040478515625000000e+01
2.753906250000000000e-01 1.131561279296875000e+00 1.255737304687500000e+00 3.303985595703125000e-01 1.722344424136457386e+00 -4.695113754272460938e+01 6.765843963623046875e+01 -5.317746639251708984e+00 8.252485656738281250e+01 -9.870910644531250000e-02 1.412353515625000000e-01 1.738891601562500000e-01 2.448026802264651747e-01 6.929805755615234375e+00 -8.043201446533203125e+00 4.162503719329833984e+00 1.140358448028564453e+01
3.002929687500000000e-01 -5.509796142578125000e-01 1.815170288085937500e+00 1.621551513671875000e-01 1.903868693789723787e+00 -7.148503875732421875e+01 -3.091047859191894531e+01 -5.712332248687744141e+00 7.809096527099609375e+01 -2.745819091796875000e-01 1.202697753906250000e-01 1.030883789062500000e-01 3.169972517022696668e-01 -1.114779472351074219e+01 4.485182762145996094e+00 -5.484628677368164062e-01 1.202875804901123047e+01
3.251953125000000000e-01 -1.476974487304687500e+00 2.850341796875000000e-02 9.315490722656250000e-02 1.480183744582149963e+00 9.528592109680175781e+00 -8.358674621582031250e+01 1.415957689285278320e+00 8.414002227783203125e+01 -2.429504394531250000e-01 4.786987304687500000e-01 3.310394287109375000e-01 6.306857331065317540e-01 4.763071060180664062e+01 2.112829780578613281e+01 -3.335871124267578125e+01 6.186996841430664062e+01
3.500976562500000000e-01 -2.974090576171875000e-01 -1.145736694335937500e+00 1.761627197265625000e-01 1.196744761476750574e+00 6.880279541015625000e+01 -2.962812423706054688e+00 4.014890193939208984e+00 6.898348999023437500e+01 4.057312011718750000e-02 3.715362548828125000e-01 1.770782470703125000e-01 4.135723302566124970e-01 -1.192778549194335938e+02 -1.081390533447265625e+02 4.934040832519531250e+01 1.683916168212890625e+02
3.750000000000000000e-01 1.083877563476562500e+00 -1.377563476562500000e-01 2.073364257812500000e-01 1.112095219566752391e+00 2.371166992187500000e+01 7.054243469238281250e+01 -9.691592454910278320e-01 7.442726135253906250e+01 1.741027832031250000e-02 2.410583496093750000e-01 6.620788574218750000e-02 2.505907616853362274e-01 2.729318428039550781e+01 1.387233734130859375e+02 -2.247978820800781250e+02 2.655620117187500000e+02
4.013671875000000000e-01 4.767608642578125000e-01 1.254760742187500000e+00 1.407928466796875000e-01 1.349647386356507717e+00 -5.434989929199218750e+01 1.327949237823486328e+01 -2.887538194656372070e+00 5.602315902709960938e+01 9.133911132812500000e-02 8.015441894531250000e-02 2.708282470703125000e-01 2.968425568308064033e-01 -2.239550933837890625e+02 -4.512758636474609375e+01 7.675063323974609375e+01 2.410042419433593750e+02
4.262695312500000000e-01 -6.514282226562500000e-01 5.397033691406250000e-01 1.586914062500000000e-03 8.459556573669002599e-01 -1.836178588867187500e+01 -5.930618286132812500e+01 -1.965145349502563477e+00 6.211473464965820312e+01 4.045257568359375000e-01 1.754760742187500000e-01 1.371307373046875000e-01 4.617767639029052851e-01 9.344042205810546875e+01 2.382833719253540039e+00 5.303423690795898438e+01 1.074682312011718750e+02
4.511718750000000000e-01 -1.321716308593750000e-01 -6.525573730468750000e-01 1.423645019531250000e-01 6.808583674584800516e-01 4.677532958984375000e+01 -1.838291740417480469e+01 1.159028053283691406e+01 5.157710647583007812e+01 -2.104492187500000000e-01 -6.494293212890625000e-01 5.133056640625000000e-02 6.846036401232790114e-01 -8.136566162109375000e+01 5.265993118286132812e+01 1.772932624816894531e+01 9.852800750732421875e+01
4.760742187500000000e-01 8.162841796875000000e-01 -2.942657470703125000e-01 3.768463134765625000e-01 9.460049343887269035e-01 1.265101623535156250e+01 3.982289123535156250e+01 2.168955326080322266e+00 4.184035491943359375e+01 -7.182312011718750000e-02 1.761627197265625000e-01 1.217651367187500000e-02 1.906308786372992448e-01 -4.181462860107421875e+01 -4.117208480834960938e+01 1.583971309661865234e+01 6.078240203857421875e+01
5.009765625000000000e-01 1.782531738281250000e-01 5.604400634765625000e-01 2.628784179687500000e-01 6.441834531895134219e-01 -5.199695205688476562e+01 1.451279258728027344e+01 -7.394787311553955078e+00 5.448841094970703125e+01 2.208862304687500000e-01 5.072326660156250000e-01 1.518707275390625000e-01 5.737076103445521991e-01 9.204914093017578125e+01 -1.008049011230468750e+02 6.697633743286132812e+00 1.366730804443359375e+02
5.258789062500000000e-01 -6.603546142578125000e-01 1.474151611328125000e-01 5.569458007812500000e-02 6.788971443108861026e-01 1.375127911567687988e+00 -3.540276718139648438e+01 -5.644332885742187500e+00 3.587625122070312500e+01 3.276214599609375000e-01 1.663818359375000000e-01 1.108093261718750000e-01 3.837934902047380192e-01 -3.738759231567382812e+01 2.833701324462890625e+01 6.239959335327148438e+01 7.806745147705078125e+01
5.507812500000000000e-01 1.303710937500000000e-01 -5.490722656250000000e-01 -2.928161621093750000e-02 5.650967952590657539e-01 5.221783065795898438e+01 -7.480230808258056641e+00 -2.692140102386474609e+00 5.281953430175781250e+01 2.723693847656250000e-02 -5.687408447265625000e-01 -2.236938476562500000e-02 5.698318950819202255e-01 -1.044378051757812500e+02 -1.776174163818359375e+01 -2.687986564636230469e+01 1.092943801879882812e+02
5.756835937500000000e-01 9.238433837890625000e-01 -5.784606933593750000e-02 -1.245574951171875000e-01 9.339953613901470497e-01 -2.451655387878417969e+00 3.437457275390625000e+01 -3.374769985675811768e-01 3.446354293823242188e+01 8.732147216796875000e-01 4.414367675781250000e-02 -8.233642578125000000e-02 8.781980991588763663e-01 6.703067016601562500e+01 1.297054138183593750e+02 -6.064978408813476562e+01 1.580980834960937500e+02
6.005859375000000000e-01 1.111907958984375000e-01 5.536804199218750000e-01 -8.163452148437500000e-02 5.706045877798168187e-01 -5.125247192382812500e+01 3.163667678833007812e+00 5.526534557342529297e+00 5.164656066894531250e+01 2.039642333984375000e-01 4.992218017578125000e-01 -1.444549560546875000e-01 5.582929788067289012e-01 6.011663436889648438e+01 -4.729257965087890625e+01 1.064414024353027344e+01 7.722626495361328125e+01
6.254882812500000000e-01 -6.128387451171875000e-01 -9.854125976562500000e-02 1.109466552734375000e-01 6.305480693090483868e-01 1.562499403953552246e+00 -4.076804733276367188e+01 9.459072113037109375e+00 4.188017654418945312e+01 -6.343078613281250000e-01 2.365112304687500000e-02 1.046600341796875000e-01 6.433191753076630270e-01 1.212246551513671875e+02 -8.673409461975097656e+00 -3.583253097534179688e+01 1.267068099975585938e+02
6.503906250000000000e-01 1.660156250000000000e-02 -7.022552490234375000e-01 1.586151123046875000e-01 7.201366540524376525e-01 3.625725555419921875e+01 3.298856496810913086e+00 -1.100658178329467773e+00 3.642365264892578125e+01 -1.248474121093750000e-01 -6.156005859375000000e-01 2.460174560546875000e-01 6.745928745551805772e-01 -5.996290588378906250e+01 5.349024963378906250e+01 -2.435029220581054688e+01 8.396245574951171875e+01
6.752929687500000000e-01 4.028015136718750000e-01 1.789855957031250000e-02 1.601867675781250000e-01 4.338539136139882291e-01 -9.993211746215820312e+00 3.528245162963867188e+01 5.087932944297790527e-01 3.667389678955078125e+01 4.524230957031250000e-01 5.737304687500000000e-02 1.571960449218750000e-01 4.823783997780166644e-01 1.503988647460937500e+01 4.538518524169921875e+01 -1.613562927246093750e+02 1.682910156250000000e+02
7.001953125000000000e-01 -1.682128906250000000e-01 4.142303466796875000e-01 1.245880126953125000e-01 4.641169352546399285e-01 -2.553772735595703125e+01 -9.567034721374511719e+00 -2.175591886043548584e-01 2.727179908752441406e+01 -2.187957763671875000e-01 3.988647460937500000e-01 3.059082031250000000e-01 5.482193960192563997e-01 1.137549285888671875e+02 1.374621276855468750e+02 8.098761749267578125e+01 1.959464569091796875e+02
7.250976562500000000e-01 -2.070922851562500000e-01 -2.106628417968750000e-01 2.841339111328125000e-01 4.098757457337549592e-01 2.377146339416503906e+01 -2.904679870605468750e+01 7.264420509338378906e+00 3.823049545288085938e+01 -3.388061523437500000e-01 -1.797790527343750000e-01 3.895568847656250000e-01 5.466851773519599833e-01 3.561161804199218750e+01 -1.153419799804687500e+02 2.181394767761230469e+01 1.226695098876953125e+02
7.500000000000000000e-01 5.205535888671875000e-01 -4.448699951171875000e-01 4.656982421875000000e-01 8.281063966753322569e-01 2.701888847351074219e+01 1.011836242675781250e+01 2.890640974044799805e+00 2.899581718444824219e+01 5.523834228515625000e-01 -4.551239013671875000e-01 4.232330322265625000e-01 8.314994954926839821e-01 -1.055997619628906250e+02 -2.327537536621093750e+01 9.917621612548828125e+01 1.467275543212890625e+02
7.763671875000000000e-01 6.022338867187500000e-01 1.405334472656250000e-02 2.683715820312500000e-01 6.594743792235842061e-01 -1.740715599060058594e+01 1.205767345428466797e+01 -1.947644615173339844e+01 2.877027130126953125e+01 7.283477783203125000e-01 -6.083679199218750000e-02 2.554473876953125000e-01 7.742383155879041245e-01 9.977896118164062500e+01 -1.048369522094726562e+02 2.221860351562500000e+02 2.651664733886718750e+02
8.012695312500000000e-01 -2.256774902343750000e-02 -5.305480957031250000e-02 -3.596496582031250000e-02 6.795288721594715253e-02 -1.338817501068115234e+01 -1.011063289642333984e+01 -4.872499465942382812e+00 1.747024345397949219e+01 2.113189697265625000e-01 -9.220886230468750000e-02 -1.736450195312500000e-02 2.312135531968243785e-01 1.550400924682617188e+01 1.565044860839843750e+02 1.232622375488281250e+02 1.998189392089843750e+02
8.261718750000000000e-01 3.211822509765625000e-01 -1.543426513671875000e-01 1.080017089843750000e-01 3.723493809810490274e-01 3.417041778564453125e+01 8.270096778869628906e+00 7.593699932098388672e+00 3.596771240234375000e+01 2.993927001953125000e-01 -3.903198242187500000e-02 1.230926513671875000e-01 3.260541142243504886e-01 -8.874232482910156250e+01 -2.438377380371093750e+01 -9.725669860839843750e+01 1.338978424072265625e+02
8.510742187500000000e-01 8.623352050781250000e-01 2.053527832031250000e-01 2.053222656250000000e-01 9.099170315186899671e-01 -1.716883182525634766e-01 1.203175830841064453e+01 -3.945399761199951172e+00 1.266328811645507812e+01 8.775482177734375000e-01 2.225952148437500000e-01 2.671661376953125000e-01 9.439371002983738546e-01 -1.033474960327148438e+02 -4.077874755859375000e+01 7.689207553863525391e+00 1.113675689697265625e+02
8.759765625000000000e-01 2.605438232421875000e-01 1.007843017578125000e-01 9.849548339843750000e-02 2.962126255924246165e-01 -3.269578170776367188e+01 -2.102651596069335938e+01 -2.748996973037719727e+00 3.897031784057617188e+01 2.811737060546875000e-01 1.306152343750000000e-02 3.466796875000000000e-02 2.836038159621396271e-01 4.041231155395507812e+01 1.486254577636718750e+02 -7.367016601562500000e+01 1.707336425781250000e+02
9.008789062500000000e-01 -4.110717773437500000e-02 -5.047454833984375000e-01 6.236267089843750000e-02 5.102420070848682210e-01 2.074770164489746094e+01 -1.387569808959960938e+01 -2.270668745040893555e-02 2.496002006530761719e+01 -1.098632812500000000e-03 -5.493927001953125000e-01 -6.881713867187500000e-02 5.536870457189126959e-01 -2.633984088897705078e+00 5.346078109741210938e+01 -3.940773773193359375e+01 6.646775817871093750e+01
9.257812500000000000e-01 6.822662353515625000e-01 -2.680969238281250000e-01 1.573028564453125000e-01 7.497381977148768195e-01 1.759458351135253906e+01 2.682404518127441406e+01 8.177077293395996094e+00 3.310533905029296875e+01 6.211700439453125000e-01 -2.955627441406250000e-01 1.954956054687500000e-01 7.151420075597232362e-01 2.597127151489257812e+01 -5.970138168334960938e+01 7.318975830078125000e+01 9.795663452148437500e+01
9.506835937500000000e-01 4.561157226562500000e-01 3.694610595703125000e-01 2.753753662109375000e-01 6.483630304920686704e-01 -2.768388366699218750e+01 1.031885147094726562e+01 2.716881334781646729e-01 2.954572486877441406e+01 4.894256591796875000e-01 3.544464111328125000e-01 2.603302001953125000e-01 6.579829385038291623e-01 1.227976150512695312e+02 5.380429458618164062e+01 7.327070832252502441e-02 1.340677490234375000e+02
9.755859375000000000e-01 1.056365966796875000e-01 9.759521484375000000e-02 -6.701660156250000000e-02 1.586667621256939997e-01 7.701134204864501953e+00 -1.869774246215820312e+01 -2.154216575622558594e+01 2.954619979858398438e+01 1.312561035156250000e-01 4.901123046875000000e-02 -1.193542480468750000e-01 1.840535301182793237e-01 -7.040287017822265625e+01 -5.039479446411132812e+01 1.916328811645507812e+01 8.867598724365234375e+01
1.000488281250000000e+00 4.644927978515625000e-01 -1.366729736328125000e-01 -4.347076416015625000e-01 6.506948552466051972e-01 1.357622337341308594e+01 1.260942649841308594e+01 -3.601037263870239258e+00 1.887535285949707031e+01 4.117584228515625000e-01 -3.256225585937500000e-02 -4.897155761718750000e-01 6.406454907678731381e-01 -6.620021820068359375e+01 -3.645180511474609375e+01 5.849489212036132812e+01 9.556597137451171875e+01
1.025390625000000000e+00 4.125823974609375000e-01 4.212341308593750000e-01 -3.898620605468750000e-02 5.909165355259629049e-01 -1.393601989746093750e+01 1.188011360168457031e+01 2.718286895751953125e+01 3.277587509155273438e+01 4.316558837890625000e-01 3.834991455078125000e-01 6.880187988281250000e-02 5.814912684558108946e-01 -6.725369930267333984e+00 -6.646932983398437500e+01 -2.488663291931152344e+01 7.129338836669921875e+01
1.050292968750000000e+00 1.576690673828125000e-01 1.777343750000000000e-01 4.091644287109375000e-01 4.731432897002285087e-01 1.984502673149108887e+00 -2.900557327270507812e+01 6.565050601959228516e+00 2.980539321899414062e+01 2.250671386718750000e-01 1.687622070312500000e-01 3.950500488281250000e-01 4.849746802783702626e-01 5.324221038818359375e+01 2.538359642028808594e+01 9.552248382568359375e+01 1.122657775878906250e+02
1.075195312500000000e+00 4.478149414062500000e-01 -1.744842529296875000e-01 2.629394531250000000e-01 5.478322117918846823e-01 8.719132423400878906e+00 6.072004795074462891e+00 -1.069227313995361328e+01 1.507372665405273438e+01 4.915313720703125000e-01 -1.676788330078125000e-01 8.522033691406250000e-02 5.262905913959816662e-01 -5.657272338867187500e+01 -1.922116394042968750e+02 1.508628692626953125e+02 2.508094635009765625e+02
1.100097656250000000e+00 3.954467773437500000e-01 2.770996093750000000e-01 8.523559570312500000e-02 4.903340228886851060e-01 -1.150970745086669922e+01 1.180904769897460938e+01 -3.771420955657958984e+00 1.691598510742187500e+01 3.790740966796875000e-01 1.935119628906250000e-01 1.228485107421875000e-01 4.429851093963284026e-01 -4.992944717407226562e+01 -3.765850448608398438e+01 1.009413833618164062e+02 1.187445831298828125e+02
1.125000000000000000e+00 1.333923339843750000e-01 2.193298339843750000e-01 1.272277832031250000e-01 2.865065438348554094e-01 1.412286043167114258e+00 -1.283514881134033203e+01 2.832901954650878906e+00 1.321971702575683594e+01 1.678466796875000000e-01 2.987976074218750000e-01 1.624450683593750000e-01 3.792636527765838594e-01 -8.904782104492187500e+01 2.506398200988769531e+01 6.493886566162109375e+01 1.130255432128906250e+02
1.151367187500000000e+00 4.348297119140625000e-01 1.684570312500000000e-02 2.891845703125000000e-01 5.224828913791029761e-01 1.168410968780517578e+01 4.095855712890625000e+00 7.804720401763916016e+00 1.463584995269775391e+01 4.770355224609375000e-01 -5.007934570312500000e-02 2.103729248046875000e-01 5.237629216033828916e-01 2.301273651123046875e+02 -2.553610687255859375e+02 1.771249084472656250e+02 3.867054443359375000e+02
1.176269531250000000e+00 4.992828369140625000e-01 1.399078369140625000e-01 3.792419433593750000e-01 6.424033045291109856e-01 -6.223354816436767578e+00 4.314687728881835938e+00 -3.881127357482910156e+00 8.509395599365234375e+00 5.574340820312500000e-01 9.854125976562500000e-02 2.451782226562500000e-01 6.168918029533999592e-01 -1.591825103759765625e+02 -1.979420471191406250e+02 -1.981120300292968750e+02 3.221311950683593750e+02
1.201171875000000000e+00 4.147491455078125000e-01 2.573089599609375000e-01 -3.051757812500000000e-04 4.880828287369853857e-01 -2.997493028640747070e+00 4.596184730529785156e+00 -2.045738410949707031e+01 2.118052101135253906e+01 3.953552246093750000e-01 3.110809326171875000e-01 -5.259704589843750000e-02 5.058097957742128115e-01 -1.012983627319335938e+02 -7.487296295166015625e+01 -1.372660994529724121e+00 1.259730224609375000e+02
1.226074218750000000e+00 2.052917480468750000e-01 2.816162109375000000e-01 -2.695007324218750000e-01 4.405485635600951411e-01 -8.449169158935546875e+00 -4.410888552665710449e-01 7.126382827758789062e+00 1.106202316284179688e+01 1.658325195312500000e-01 2.452697753906250000e-01 -2.752380371093750000e-01 4.042445600451188836e-01 -1.501901435852050781e+01 7.137364959716796875e+01 -1.177039260864257812e+02 1.384701538085937500e+02
1.250976562500000000e+00 2.325592041015625000e-01 3.194427490234375000e-01 1.071319580078125000e-01 4.093955419183149536e-01 1.055788230895996094e+01 1.880441069602966309e+00 1.770045089721679688e+01 2.069567298889160156e+01 2.936859130859375000e-01 3.181762695312500000e-01 6.694030761718750000e-02 4.381421673633196234e-01 -1.095203113555908203e+01 1.213280029296875000e+02 -1.370062828063964844e+01 1.225893096923828125e+02
1.275878906250000000e+00 4.680175781250000000e-01 2.971954345703125000e-01 3.490600585937500000e-01 6.551400646189329269e-01 2.804538011550903320e+00 -6.274704456329345703e+00 -4.245199203491210938e+00 8.078308105468750000e+00 4.996337890625000000e-01 2.879638671875000000e-01 3.040771484375000000e-01 6.519355981846767234e-01 -1.650943450927734375e+02 3.487699890136718750e+01 -8.847616577148437500e+01 1.905270996093750000e+02
1.300781250000000000e+00 3.139343261718750000e-01 2.916870117187500000e-01 -1.202392578125000000e-01 4.450770192603795139e-01 -1.424735355377197266e+01 3.410257816314697266e+00 -2.176732635498046875e+01 2.623801422119140625e+01 3.342285156250000000e-01 2.218780517578125000e-01 -1.496582031250000000e-01 4.281777064156156443e-01 6.797109222412109375e+01 -1.112789382934570312e+02 8.586079406738281250e+01 1.561254119873046875e+02
1.325683593750000000e+00 -3.396606445312500000e-02 2.815093994140625000e-01 -1.999969482421875000e-01 3.469870527830803963e-01 -4.350563526153564453e+00 -1.071902084350585938e+01 1.397875213623046875e+01 1.814470481872558594e+01 -7.975769042968750000e-02 2.295684814453125000e-01 -3.022003173828125000e-01 3.877989281600159877e-01 -3.868533020019531250e+02 -4.984919738769531250e+01 1.708935737609863281e+01 3.904259948730468750e+02
1.350585937500000000e+00 1.502838134765625000e-01 -1.184539794921875000e-01 3.586883544921875000e-01 4.065389347884246218e-01 1.425760173797607422e+01 -7.427666664123535156e+00 1.538402652740478516e+01 2.225123977661132812e+01 1.629791259765625000e-01 -1.771545410156250000e-01 3.499450683593750000e-01 4.247440144081945923e-01 -1.067854003906250000e+02 -4.223403167724609375e+01 1.012348632812500000e+02 1.530860290527343750e+02
1.375488281250000000e+00 1.933288574218750000e-01 4.577636718750000000e-02 2.378082275390625000e-01 3.098778404310366663e-01 -8.979602813720703125e+00 1.682046318054199219e+01 -1.466920280456542969e+01 2.405715560913085938e+01 2.666473388671875000e-01 4.447937011718750000e-02 2.261962890625000000e-01 3.524825937214779992e-01 4.631211090087890625e+01 -8.861028289794921875e+01 -4.674392318725585938e+01 1.103702316284179688e+02
1.400390625000000000e+00 -1.161956787109375000e-01 3.682708740234375000e-01 -6.831359863281250000e-02 3.921627470365421919e-01 -6.738658905029296875e+00 5.379653453826904297e+00 -4.215029627084732056e-02 8.622758865356445312e+00 -1.164398193359375000e-01 3.008422851562500000e-01 1.597595214843750000e-02 3.229853605228406588e-01 -9.713732910156250000e+01 8.432987213134765625e+01 9.205291748046875000e+01 1.581800384521484375e+02
1.425292968750000000e+00 -1.082611083984375000e-01 3.925933837890625000e-01 2.146911621093750000e-01 4.603719449254898843e-01 4.858962059020996094e+00 -5.085665702819824219e+00 1.681181716918945312e+01 1.822390556335449219e+01 -1.529388427734375000e-01 3.322143554687500000e-01 2.513275146484375000e-01 4.437591545283948169e-01 5.214843750000000000e+01 -9.726866149902343750e+01 1.027132339477539062e+02 1.507669067382812500e+02
1.450195312500000000e+00 1.980133056640625000e-01 2.802429199218750000e-01 3.784942626953125000e-01 5.108847915916230331e-01 5.863030433654785156e+00 -5.551325798034667969e+00 -1.031569099426269531e+01 1.309984111785888672e+01 1.537017822265625000e-01 2.711029052734375000e-01 4.686431884765625000e-01 5.628032171308182674e-01 1.255452041625976562e+02 -1.811847877502441406e+01 1.301977157592773438e+01 1.275123214721679688e+02
1.475097656250000000e+00 5.799865722656250000e-02 1.177368164062500000e-01 1.484680175781250000e-02 1.320841765693343550e-01 -1.361535453796386719e+01 -5.002306461334228516e+00 -1.049556064605712891e+01 1.790412712097167969e+01 5.738830566406250000e-02 1.770629882812500000e-01 1.119537353515625000e-01 2.172057971262407183e-01 -1.126851501464843750e+02 9.094351196289062500e+01 2.631761169433593750e+02 3.003836364746093750e+02
1.500000000000000000e+00 -3.314056396484375000e-01 8.293151855468750000e-02 1.527404785156250000e-01 3.742151634257470660e-01 -2.494279861450195312e+00 5.559259414672851562e+00 1.157415866851806641e+01 1.308005905151367188e+01 -3.290100097656250000e-01 1.487731933593750000e-02 8.219909667968750000e-02 3.394489838717398844e-01 -7.997064971923828125e+01 -4.715336990356445312e+01 -4.567621994018554688e+01 1.034652709960937500e+02
1.526367187500000000e+00 -1.889495849609375000e-01 4.535064697265625000e-01 2.555389404296875000e-01 5.537781268853867456e-01 1.445129871368408203e+01 1.378638839721679688e+01 -7.351894855499267578e+00 2.128273773193359375e+01 -1.439514160156250000e-01 4.544525146484375000e-01 3.097076416015625000e-01 5.684786025081275396e-01 8.859011840820312500e+01 -8.982343292236328125e+01 1.717872619628906250e+02 2.131368560791015625e+02
1.551269531250000000e+00 7.196044921875000000e-02 4.795532226562500000e-01 -9.861755371093750000e-02 4.948484833882880740e-01 -1.380373358726501465e+00 -1.011288166046142578e+01 -1.505653667449951172e+01 1.818997383117675781e+01 1.350555419921875000e-01 4.223632812500000000e-01 -8.366394042968750000e-02 4.512542472922470016e-01 3.338825225830078125e+01 3.318560028076171875e+01 1.353124084472656250e+02 1.432672576904296875e+02
1.576171875000000000e+00 -1.346282958984375000e-01 1.279907226562500000e-01 -1.225280761718750000e-01 2.225298465216905552e-01 -9.524347305297851562e+00 -8.019533157348632812e+00 6.654910087585449219e+00 1.411785793304443359e+01 -1.319122314453125000e-01 1.020050048828125000e-01 -4.891967773437500000e-02 1.737785737530936070e-01 1.238601303100585938e+01 -1.482314910888671875e+02 3.681079101562500000e+01 1.532351837158203125e+02
1.601074218750000000e+00 -1.367340087890625000e-01 7.385253906250000000e-02 1.442718505859375000e-01 2.120489414191841226e-01 9.571426391601562500e+00 1.135914897918701172e+01 1.043443679809570312e+01 1.815268325805664062e+01 -2.673339843750000000e-02 7.377624511718750000e-02 4.922485351562500000e-02 9.263204164458536949e-02 -3.820977020263671875e+01 -1.180013275146484375e+02 2.583811187744140625e+01 1.266961288452148438e+02
1.625976562500000000e+00 2.365112304687500000e-03 3.999023437500000000e-01 -1.618957519531250000e-02 4.002369056420979621e-01 -2.400449514389038086e+00 1.979129195213317871e+00 -1.249553108215332031e+01 1.287701034545898438e+01 -1.050720214843750000e-01 3.303527832031250000e-01 -9.060668945312500000e-02 3.583052654406838622e-01 3.391802673339843750e+02 -1.946172332763671875e+02 -2.687140464782714844e+01 3.919709167480468750e+02
1.650878906250000000e+00 -2.517395019531250000e-01 1.883544921875000000e-01 -7.742309570312500000e-02 3.237970464952910632e-01 -1.213545513153076172e+01 -7.536356925964355469e+00 1.120962238311767578e+01 1.815823745727539062e+01 -2.880096435546875000e-01 2.811889648437500000e-01 -1.212005615234375000e-01 4.203645618317443100e-01 -4.146907806396484375e+01 -1.115081176757812500e+02 1.420064239501953125e+02 1.852554168701171875e+02
1.675781250000000000e+00 -3.524322509765625000e-01 1.175079345703125000e-01 3.123474121093750000e-01 4.853632784490513052e-01 8.842065811157226562e+00 8.561678528785705566e-01 1.431959533691406250e+01 1.685128974914550781e+01 -3.091125488281250000e-01 5.676269531250000000e-03 3.513336181640625000e-01 4.679936956103817325e-01 -8.425166130065917969e+00 1.556348133087158203e+01 -7.725124359130859375e+01 7.925251007080078125e+01
1.700683593750000000e+00 -6.910705566406250000e-02 1.618652343750000000e-01 2.113494873046875000e-01 2.750358977038884212e-01 9.713305473327636719e+00 4.961519241333007812e+00 -1.558252334594726562e+01 1.902051544189453125e+01 1.489257812500000000e-02 6.227111816406250000e-02 1.296081542968750000e-01 1.445605572099610547e-01 -5.139326858520507812e+01 -1.716383361816406250e+01 -1.795491180419921875e+02 1.875466613769531250e+02
1.725585937500000000e+00 -2.023468017578125000e-01 1.908416748046875000e-01 -6.860351562500000000e-02 2.864807417261816536e-01 -1.350980472564697266e+01 -7.425879955291748047e+00 -5.742262601852416992e-01 1.542686748504638672e+01 -1.433715820312500000e-01 1.007690429687500000e-01 -1.107788085937500000e-01 2.073204162363946612e-01 8.919289398193359375e+01 3.947375793457031250e+02 -1.717855682373046875e+02 4.396400756835937500e+02
1.750488281250000000e+00 -2.650909423828125000e-01 -2.307128906250000000e-02 7.446289062500000000e-02 2.763154251804335604e-01 1.048228931427001953e+01 1.099542140960693359e+00 8.365854263305664062e+00 1.345640659332275391e+01 -2.077331542968750000e-01 -1.266479492187500000e-03 1.068115234375000000e-03 2.077397608417495822e-01 3.165301799774169922e+00 -4.604084014892578125e+01 -8.837974548339843750e+01 9.970334625244140625e+01
1.775390625000000000e+00 3.860473632812500000e-02 2.611694335937500000e-01 6.181335449218750000e-02 2.711469887426763981e-01 8.810533523559570312e+00 1.950217056274414062e+01 -2.647191286087036133e+00 2.156311225891113281e+01 1.081695556640625000e-01 2.549896240234375000e-01 1.463317871093750000e-02 2.773706744617407405e-01 -4.950886154174804688e+01 5.857717895507812500e+01 1.201453475952148438e+02 1.425388183593750000e+02
1.800292968750000000e+00 3.439331054687500000e-02 5.593566894531250000e-01 -4.026794433593750000e-02 5.618579119202431471e-01 -3.557271480560302734e+00 1.030522108078002930e+00 -1.298164248466491699e+00 3.924459934234619141e+00 5.725097656250000000e-02 4.592590332031250000e-01 2.221679687500000000e-02 4.633466520429537217e-01 1.065610275268554688e+02 -1.943645935058593750e+02 1.576452636718750000e+02 2.720016174316406250e+02
1.825195312500000000e+00 -1.189422607421875000e-01 5.251922607421875000e-01 1.703948974609375000e-01 5.648084571026498191e-01 -7.455691099166870117e-01 -4.630169868469238281e+00 1.255750083923339844e+01 1.340466976165771484e+01 -1.887207031250000000e-01 4.891052246093750000e-01 2.879791259765625000e-01 5.981399514548467744e-01 -5.933729934692382812e+01 -5.596539688110351562e+01 -7.126787185668945312e+00 8.187693023681640625e+01
1.850097656250000000e+00 4.974365234375000000e-02 2.303619384765625000e-01 3.524322509765625000e-01 4.239688021253240624e-01 1.124104499816894531e+01 -1.932860946655273438e+01 -5.970355987548828125e+00 2.314306259155273438e+01 1.265106201171875000e-01 2.169647216796875000e-01 4.071197509765625000e-01 4.783566860525708675e-01 -4.360793685913085938e+01 -2.440745849609375000e+02 -2.887221679687500000e+02 3.805713500976562500e+02
1.875000000000000000e+00 1.711273193359375000e-01 -1.317291259765625000e-01 -2.360076904296875000e-01 3.199011597284514563e-01 -6.092942714691162109e+00 -8.596343040466308594e+00 -3.003719139099121094e+01 3.183164978027343750e+01 1.301269531250000000e-01 -1.470642089843750000e-01 -2.095031738281250000e-01 2.871454080041215273e-01 -8.465694427490234375e+01 -1.686847839355468750e+02 -1.823058929443359375e+02 2.624057922363281250e+02
1.901367187500000000e+00 -2.167358398437500000e-01 -2.711791992187500000e-01 -3.691864013671875000e-01 5.067654105364258754e-01 -1.284094905853271484e+01 -8.273378014564514160e-01 2.357424926757812500e+01 2.685739517211914062e+01 -3.072204589843750000e-01 -2.932586669921875000e-01 -4.102935791015625000e-01 5.905301662375723737e-01 1.453283386230468750e+02 -7.396946430206298828e+00 -2.151300659179687500e+02 2.597229003906250000e+02
1.926269531250000000e+00 -1.146850585937500000e-01 -3.666687011718750000e-02 3.552856445312500000e-01 3.751333246178327752e-01 1.685760498046875000e+01 2.070188522338867188e+01 1.735994720458984375e+01 3.184516716003417969e+01 -9.977722167968750000e-02 -9.640502929687500000e-02 4.111175537109375000e-01 4.338975300795274159e-01 -4.752858734130859375e+01 -9.295557403564453125e+01 6.421392822265625000e+01 1.225688934326171875e+02
1.951171875000000000e+00 3.755340576171875000e-01 3.535156250000000000e-01 3.764801025390625000e-01 6.385423973060776470e-01 8.780443191528320312e+00 5.090198516845703125e+00 -1.371396064758300781e+01 1.706103897094726562e+01 3.851318359375000000e-01 3.203430175781250000e-01 3.755493164062500000e-01 6.260858319885940215e-01 4.623785018920898438e+01 1.136363830566406250e+02 -1.943184661865234375e+01 1.242125701904296875e+02
1.976074218750000000e+00 2.128143310546875000e-01 1.247863769531250000e-01 1.955413818359375000e-01 3.147983662372621505e-01 -1.295413494110107422e+01 -2.347488975524902344e+01 -1.736157536506652832e-01 2.681250190734863281e+01 2.276153564453125000e-01 7.301330566406250000e-02 2.868347167968750000e-01 3.733816386134486409e-01 5.094469451904296875e+01 7.703817749023437500e+01 -1.085248413085937500e+02 1.425057220458984375e+02
2.000976562500000000e+00 1.226196289062500000e-01 -3.072814941406250000e-01 2.408905029296875000e-01 4.092501978449359368e-01 6.193403244018554688e+00 -1.058921575546264648e+00 5.368724822998046875e+00 8.264548301696777344e+00 4.673767089843750000e-02 -2.621612548828125000e-01 1.558837890625000000e-01 3.085655345874254163e-01 3.720825576782226562e+01 -2.289085845947265625e+02 -3.567026138305664062e+01 2.346400604248046875e+02
2.025878906250000000e+00 4.461212158203125000e-01 -1.710510253906250000e-02 2.139282226562500000e-01 4.950575806779730081e-01 1.389696216583251953e+01 1.560709667205810547e+01 -1.064011096954345703e+01 2.345035171508789062e+01 4.903411865234375000e-01 -9.243774414062500000e-02 1.534729003906250000e-01 5.220470734496371890e-01 1.687814712524414062e+01 -2.341772651672363281e+01 1.357223968505859375e+02 1.387581787109375000e+02
2.050781250000000000e+00 4.709014892578125000e-01 2.248992919921875000e-01 2.220153808593750000e-02 5.223225176241153012e-01 -2.112871932983398438e+01 -4.334183216094970703e+00 -1.537553310394287109e+00 2.162341308593750000e+01 3.910827636718750000e-01 1.773986816406250000e-01 8.541870117187500000e-02 4.378497171392868870e-01 -5.150889968872070312e+01 9.336418151855468750e+01 4.090076065063476562e+01 1.142055587768554688e+02
2.075683593750000000e+00 -1.133117675781250000e-01 -1.257476806640625000e-01 1.942138671875000000e-01 2.576258179453176367e-01 -1.573409938812255859e+01 -1.478866577148437500e+01 9.700509071350097656e+00 2.367206001281738281e+01 -1.511230468750000000e-01 -1.215209960937500000e-01 2.494659423828125000e-01 3.159727586317297998e-01 1.521692810058593750e+02 -1.455992736816406250e+02 1.166356048583984375e+02 2.407457275390625000e+02
2.100585937500000000e+00 -1.540374755859375000e-01 -2.008514404296875000e-01 2.538146972656250000e-01 3.584560580539956076e-01 1.312891483306884766e+01 1.059656524658203125e+01 -6.614840984344482422e+00 1.812213325500488281e+01 -2.054138183593750000e-01 -2.069702148437500000e-01 2.289123535156250000e-01 3.707187238291435594e-01 6.044237899780273438e+01 -5.811631774902343750e+01 3.393460083007812500e+01 9.045631408691406250e+01
2.125488281250000000e+00 1.952056884765625000e-01 2.090454101562500000e-03 7.168579101562500000e-02 2.079626972451919520e-01 7.365980148315429688e+00 5.279069900512695312e+00 -5.241286277770996094e+00 1.046887397766113281e+01 1.943054199218750000e-01 9.416198730468750000e-02 7.328796386718750000e-02 2.280179855011057743e-01 -1.996979217529296875e+02 -4.676188659667968750e+01 5.095169448852539062e+01 2.113338928222656250e+02
2.150390625000000000e+00 2.473297119140625000e-01 5.050659179687500000e-03 3.636169433593750000e-02 2.500393336429743707e-01 -8.347106933593750000e+00 -3.980941057205200195e+00 2.498266696929931641e+00 9.579322814941406250e+00 2.183380126953125000e-01 -7.754516601562500000e-02 1.076049804687500000e-01 2.554673606976228806e-01 2.940603256225585938e+01 7.150077819824218750e+01 1.215732421875000000e+02 1.440733489990234375e+02
2.175292968750000000e+00 -3.660583496093750000e-02 -6.797790527343750000e-02 1.170196533203125000e-01 1.401948002664790693e-01 -4.653415679931640625e+00 -2.613159179687500000e+00 5.909244537353515625e+00 7.962540626525878906e+00 -1.260070800781250000e-01 -8.865356445312500000e-02 1.249237060546875000e-01 1.983511307114163291e-01 -7.192420959472656250e+01 -4.263166046142578125e+01 -9.139608764648437500e+01 1.238700714111328125e+02
2.200195312500000000e+00 -1.469421386718750000e-02 -1.030883789062500000e-01 2.108001708984375000e-01 2.351166643126421929e-01 6.480763912200927734e+00 5.369146466255187988e-01 8.807908892631530762e-01 6.562345027923583984e+00 -7.331848144531250000e-02 -5.599975585937500000e-03 9.098815917968750000e-02 1.169863434718680373e-01 1.880137443542480469e+01 -3.517714691162109375e+01 -9.657433319091796875e+01 1.044869613647460938e+02
2.225097656250000000e+00 5.621337890625000000e-02 1.127014160156250000e-01 9.924316406250000000e-02 1.603457475367554008e-01 -1.612742781639099121e+00 1.125239944458007812e+01 -9.362067222595214844e+00 1.472636222839355469e+01 1.268920898437500000e-01 7.247924804687500000e-03 1.761016845703125000e-01 2.171772045758729452e-01 4.083277130126953125e+01 1.239752292633056641e+01 1.507735061645507812e+01 4.525859451293945312e+01
2.250000000000000000e+00 -2.371215820312500000e-02 2.306823730468750000e-01 -3.764343261718750000e-02 2.349332920222086396e-01 -3.328013896942138672e+00 -5.231471061706542969e+00 4.844783306121826172e+00 7.868665218353271484e+00 -8.393859863281250000e-02 2.249298095703125000e-01 2.304077148437500000e-02 2.411845449533875640e-01 2.483916625976562500e+02 8.537850952148437500e+01 4.687907714843750000e+02 5.373571166992187500e+02
2.276367187500000000e+00 2.867126464843750000e-02 -5.610656738281250000e-02 8.293151855468750000e-02 1.041519327223902197e-01 5.666219711303710938e+00 -1.259189319610595703e+01 -4.172696918249130249e-02 1.380809783935546875e+01 1.983642578125000000e-02 4.458618164062500000e-02 1.699218750000000000e-01 1.767904267334107493e-01 -7.455546569824218750e+01 -4.626697158813476562e+01 5.992874526977539062e+01 1.062572631835937500e+02
2.301269531250000000e+00 8.004760742187500000e-02 -2.018280029296875000e-01 -3.468322753906250000e-02 2.198751657033575779e-01 9.941431879997253418e-02 7.316299080848693848e-01 -7.634129047393798828e+00 7.669751644134521484e+00 6.008911132812500000e-02 -1.979980468750000000e-01 -3.837585449218750000e-02 2.104438976889661250e-01 9.513283538818359375e+01 -2.795853614807128906e+01 9.190266418457031250e+01 1.351962890625000000e+02
2.326171875000000000e+00 2.223205566406250000e-02 -1.948547363281250000e-02 -2.016754150390625000e-01 2.038306184382589759e-01 -5.850986480712890625e+00 1.119016551971435547e+01 1.977396458387374878e-01 1.262905216217041016e+01 7.704162597656250000e-02 2.941894531250000000e-02 -1.934051513671875000e-01 2.102532735815952070e-01 4.766091537475585938e+01 -7.982150268554687500e+01 -9.913993835449218750e+01 1.359108581542968750e+02
2.351074218750000000e+00 -1.940765380859375000e-01 3.277587890625000000e-02 -1.310729980468750000e-02 1.972606452936557508e-01 -1.162016677856445312e+01 -4.671144962310791016e+00 1.192466831207275391e+01 1.729293441772460938e+01 -1.643524169921875000e-01 -9.338378906250000000e-03 5.874633789062500000e-03 1.647222924012599343e-01 -8.111516571044921875e+01 2.403430938720703125e+02 -1.517140502929687500e+02 2.955700073242187500e+02
2.375976562500000000e+00 -2.024078369140625000e-01 -2.661743164062500000e-01 1.426086425781250000e-01 3.635311872405717071e-01 1.024152755737304688e+01 -1.017015361785888672e+01 1.173848271369934082e+00 1.448098182678222656e+01 -2.629547119140625000e-01 -2.816162109375000000e-01 9.626770019531250000e-02 3.971402030536529404e-01 6.258959960937500000e+01 -1.047305755615234375e+02 2.095437622070312500e+02 2.424758453369140625e+02
2.400878906250000000e+00 1.240539550781250000e-02 -1.548309326171875000e-01 2.422332763671875000e-01 2.877559238528297203e-01 5.355939865112304688e+00 1.714327812194824219e+01 3.945673465728759766e+00 1.838875770568847656e+01 4.048156738281250000e-02 -2.278442382812500000e-01 3.143920898437500000e-01 3.903769209008811081e-01 9.185976409912109375e+01 9.210720062255859375e+01 1.965273742675781250e+02 2.356797790527343750e+02
2.425781250000000000e+00 -3.588867187500000000e-02 2.889556884765625000e-01 2.469787597656250000e-01 3.818139526618716251e-01 -1.611745476722717285e+00 1.303918361663818359e+01 -7.882664680480957031e+00 1.532169818878173828e+01 5.612182617187500000e-02 3.045806884765625000e-01 2.356262207031250000e-01 3.891513472269635399e-01 -4.638832092285156250e+01 3.127998161315917969e+01 8.966838073730468750e+01 1.056916885375976562e+02
2.450683593750000000e+00 -5.111694335937500000e-03 3.028869628906250000e-01 8.674621582031250000e-02 3.151056135127318636e-01 5.952415466308593750e+00 -6.283522129058837891e+00 -7.730653285980224609e+00 1.160503768920898438e+01 4.754638671875000000e-02 3.154907226562500000e-01 1.152496337890625000e-01 3.392307961560754315e-01 -1.050112228393554688e+02 -1.209173431396484375e+02 -1.417327423095703125e+02 2.138610076904296875e+02
2.475585937500000000e+00 1.299743652343750000e-01 1.605224609375000000e-01 -1.168518066406250000e-01 2.373081136385520595e-01 6.562513828277587891e+00 -1.503166854381561279e-01 -3.247513294219970703e+00 7.323627948760986328e+00 1.152496337890625000e-01 1.444549560546875000e-01 -1.499176025390625000e-01 2.379600806192816720e-01 1.311491851806640625e+02 1.558685111999511719e+01 -2.132200622558593750e+01 1.337822418212890625e+02
2.500488281250000000e+00 7.446289062500000000e-02 2.595520019531250000e-01 -6.349182128906250000e-02 2.773863283738186580e-01 -9.872429847717285156e+00 1.100050806999206543e+00 6.699450492858886719e+00 1.198155307769775391e+01 1.171264648437500000e-01 2.621002197265625000e-01 -4.760742187500000000e-03 2.871198331945781779e-01 -2.229459571838378906e+01 3.008724021911621094e+01 9.922383880615234375e+01 1.060549926757812500e+02
2.525390625000000000e+00 -2.253112792968750000e-01 2.653350830078125000e-01 6.069946289062500000e-02 3.533444546732940061e-01 -7.327510833740234375e+00 -8.476794242858886719e+00 -4.409603178501129150e-01 1.121351432800292969e+01 -2.677307128906250000e-01 2.618713378906250000e-01 5.136108398437500000e-02 3.780136150743755863e-01 -1.302504882812500000e+02 -4.481494903564453125e+01 -3.386907196044921875e+01 1.418473815917968750e+02
2.550292968750000000e+00 -3.523101806640625000e-01 -1.432342529296875000e-01 -3.440856933593750000e-02 3.818670766845658204e-01 3.881379604339599609e+00 -1.966716957092285156e+01 -6.524378299713134766e+00 2.108151245117187500e+01 -2.957000732421875000e-01 -1.483459472656250000e-01 -4.177856445312500000e-02 3.334523981520219338e-01 -5.014440155029296875e+01 4.557627105712890625e+01 4.658890533447265625e+01 8.223249816894531250e+01
2.575195312500000000e+00 -1.739501953125000000e-02 -3.431091308593750000e-01 -2.085876464843750000e-01 4.019145041541283825e-01 1.805884552001953125e+01 4.433808326721191406e+00 -3.559175729751586914e+00 1.893272972106933594e+01 -6.626892089843750000e-02 -3.507232666015625000e-01 -2.172546386718750000e-01 4.178492044232716141e-01 1.821385383605957031e+01 -6.600796508789062500e+01 -7.133975982666015625e+01 9.888456726074218750e+01
2.600097656250000000e+00 2.863159179687500000e-01 -1.606750488281250000e-02 -7.873535156250000000e-02 2.973789252470955824e-01 3.734700679779052734e+00 1.780811691284179688e+01 1.343692588806152344e+01 2.261919593811035156e+01 2.758636474609375000e-01 -4.151916503906250000e-02 -2.641296386718750000e-02 2.802181966187111684e-01 -1.058772659301757812e+01 3.297728347778320312e+01 -1.026977081298828125e+02 1.083809051513671875e+02
2.625000000000000000e+00 3.160858154296875000e-01 1.659545898437500000e-01 2.749023437500000000e-01 4.505801451521149192e-01 -4.740368843078613281e+00 -6.176521778106689453e+00 1.454531288146972656e+01 1.649807929992675781e+01 3.414154052734375000e-01 1.468963623046875000e-01 3.455352783203125000e-01 5.074816733442414352e-01 5.745631408691406250e+01 -2.608842468261718750e+01 1.464928283691406250e+02 1.595054321289062500e+02
2.651367187500000000e+00 1.567993164062500000e-01 -2.529144287109375000e-01 4.419860839843750000e-01 5.328258930565313856e-01 -8.143019676208496094e-01 -2.474634742736816406e+01 -4.711871623992919922e+00 2.520409774780273438e+01 9.288024902343750000e-02 -2.342681884765625000e-01 5.284271240234375000e-01 5.854430375317716262e-01 2.873051834106445312e+01 3.114544486999511719e+01 -9.898191070556640625e+01 1.076703338623046875e+02
2.676269531250000000e+00 2.178192138671875000e-01 -4.658203125000000000e-01 8.386230468750000000e-02 5.210246247681737941e-01 5.841981887817382812e+00 6.726506710052490234e+00 -1.699081802368164062e+01 1.918495750427246094e+01 2.113342285156250000e-01 -5.039825439453125000e-01 5.790710449218750000e-02 5.495578163346895861e-01 4.354943847656250000e+01 -1.004092178344726562e+02 -2.361998367309570312e+01 1.119663696289062500e+02
2.701171875000000000e+00 1.974182128906250000e-01 -1.086120605468750000e-01 -1.863098144531250000e-02 2.260921138535834651e-01 -6.502028942108154297e+00 4.640854835510253906e+00 8.547798156738281250e+00 1.169951915740966797e+01 1.361846923828125000e-01 -1.277618408203125000e-01 2.201843261718750000e-02 1.880270453528262165e-01 2.315497741699218750e+02 -1.769316864013671875e+02 9.359627532958984375e+01 3.060725097656250000e+02
2.726074218750000000e+00 1.289062500000000000e-01 -2.440032958984375000e-01 3.651885986328125000e-01 4.577304253266985534e-01 -4.555276334285736084e-01 -1.266464042663574219e+01 1.338867092132568359e+01 1.843521308898925781e+01 9.973144531250000000e-02 -2.051239013671875000e-01 4.060668945312500000e-01 4.657386594759652665e-01 -9.880527496337890625e+01 -5.000614547729492188e+01 2.738937377929687500e+01 1.140757369995117188e+02
2.750976562500000000e+00 1.848907470703125000e-01 -4.460906982421875000e-01 5.052795410156250000e-01 6.989198194209270687e-01 9.215365409851074219e+00 1.469469308853149414e+00 -4.769819736480712891e+00 1.048014736175537109e+01 2.818603515625000000e-01 -4.663696289062500000e-01 5.462799072265625000e-01 7.716006905054914045e-01 3.988682937622070312e+01 -2.130234527587890625e+01 5.242222309112548828e+00 4.552175140380859375e+01
2.775878906250000000e+00 3.337860107421875000e-01 -1.530609130859375000e-01 2.631835937500000000e-01 4.517813056126267490e-01 -6.239954471588134766e+00 1.716748809814453125e+01 -1.190098285675048828e+01 2.180121803283691406e+01 3.413543701171875000e-01 -7.690429687500000000e-02 2.719879150390625000e-01 4.431867583798462795e-01 2.073276901245117188e+01 8.027263641357421875e+01 2.218513488769531250e+00 8.293651580810546875e+01
2.800781250000000000e+00 9.918212890625000000e-03 1.542053222656250000e-01 6.584167480468750000e-02 1.679665993674791247e-01 -1.623635864257812500e+01 3.815479755401611328e+00 -6.767305374145507812e+00 1.799926757812500000e+01 9.568786621093750000e-02 1.656036376953125000e-01 3.364562988281250000e-02 1.941977367739742832e-01 -9.258413696289062500e+01 1.785156440734863281e+01 3.322823333740234375e+01 9.997307586669921875e+01
2.825683593750000000e+00 -7.723999023437500000e-02 1.691741943359375000e-01 -1.025695800781250000e-01 2.123827744380951121e-01 2.132343482971191406e+01 -5.084650039672851562e+00 -7.333858013153076172e+00 2.311553573608398438e+01 -1.295166015625000000e-01 1.746368408203125000e-01 -8.168029785156250000e-02 2.322590091021627390e-01 -1.319219360351562500e+02 -4.662400245666503906e+00 -2.258495521545410156e+01 1.339224243164062500e+02
2.850585937500000000e+00 5.849761962890625000e-01 7.087707519531250000e-02 -2.006530761718750000e-01 6.224808165640913771e-01 2.397290992736816406e+01 1.070913672447204590e+00 -2.653056621551513672e+00 2.414303207397460938e+01 6.082611083984375000e-01 8.233642578125000000e-02 -1.954803466796875000e-01 6.441843128628155224e-01 1.196141891479492188e+02 -1.600070762634277344e+01 5.589711380004882812e+01 1.329964904785156250e+02
2.875488281250000000e+00 7.396240234375000000e-01 1.205749511718750000e-01 3.738403320312500000e-03 7.493970846990004597e-01 -1.485354518890380859e+01 4.115955829620361328e+00 1.450930118560791016e+01 2.116810607910156250e+01 7.344360351562500000e-01 1.222381591796875000e-01 2.731323242187500000e-02 7.450399116564175861e-01 -5.076715850830078125e+01 -2.337368202209472656e+01 -9.522184753417968750e+01 1.104121093750000000e+02
2.900390625000000000e+00 1.446380615234375000e-01 1.096954345703125000e-01 2.983703613281250000e-01 3.492536753219688817e-01 -1.773292160034179688e+01 -3.946580171585083008e+00 7.388858795166015625e+00 1.961191558837890625e+01 2.705383300781250000e-01 6.123352050781250000e-02 2.174072265625000000e-01 3.524293322594466149e-01 -4.651773452758789062e+01 -1.284937896728515625e+02 1.359253387451171875e+02 1.927440032958984375e+02
2.925292968750000000e+00 4.252624511718750000e-02 4.145812988281250000e-02 1.758880615234375000e-01 1.856444673121711852e-01 2.399388313293457031e+00 1.731769919395446777e+00 -1.649362754821777344e+01 1.675696563720703125e+01 1.457977294921875000e-01 1.080780029296875000e-01 7.980346679687500000e-02 1.982584826814392520e-01 -1.060789489746093750e+01 -2.152391433715820312e+01 3.581359100341796875e+01 4.310939025878906250e+01
2.950195312500000000e+00 1.637268066406250000e-01 2.023315429687500000e-02 -1.379089355468750000e-01 2.150226086931555092e-01 6.089212894439697266e+00 4.488748550415039062e+00 1.548812389373779297e+00 7.721800327301025391e+00 1.872711181640625000e-01 2.136230468750000000e-04 -8.851623535156250000e-02 2.071367694399949277e-01 -9.532955169677734375e+01 1.635889625549316406e+01 -4.441367721557617188e+01 1.064326629638671875e+02
2.975097656250000000e+00 1.208953857421875000e-01 1.882629394531250000e-01 2.781219482421875000e-01 3.569459997805177198e-01 -1.067550182342529297e+00 3.926448106765747070e+00 2.099946022033691406e+01 2.139004516601562500e+01 1.480560302734375000e-01 1.680145263671875000e-01 3.313751220703125000e-01 3.999486725791622233e-01 1.085270121693611145e-01 -4.441562652587890625e+01 1.185046463012695312e+02 1.265547790527343750e+02
3.000000000000000000e+00 2.040557861328125000e-01 4.597473144531250000e-02 5.203857421875000000e-01 5.608509253427188535e-01 6.685711383819580078e+00 -1.509048938751220703e+01 -8.130463361740112305e-01 1.652521324157714844e+01 2.304840087890625000e-01 8.708190917968750000e-02 5.482177734375000000e-01 6.010398192521241301e-01 -8.572209167480468750e+01 -2.858672904968261719e+01 6.068070220947265625e+01 1.088468017578125000e+02
3.026367187500000000e+00 3.261566162109375000e-01 -1.548767089843750000e-01 2.457122802734375000e-01 4.367372871202685469e-01 -9.243600070476531982e-02 3.532091379165649414e+00 -1.601506042480468750e+01 1.640019416809082031e+01 2.798156738281250000e-01 -8.198547363281250000e-02 2.051086425781250000e-01 3.564940174349707780e-01 1.253068237304687500e+02 7.069562911987304688e+00 -7.752551269531250000e+01 1.475194396972656250e+02
3.051269531250000000e+00 4.105224609375000000e-01 -5.355834960937500000e-02 1.411437988281250000e-02 4.142419624646175302e-01 -7.998085021972656250e-01 5.200272083282470703e+00 3.217156887054443359e+00 6.167059421539306641e+00 4.138183593750000000e-01 -1.078796386718750000e-01 -8.836364746093750000e-02 4.366827053919032919e-01 1.143566894531250000e+02 7.560164642333984375e+01 -5.859981536865234375e+01 1.490872192382812500e+02
3.076171875000000000e+00 1.208648681640625000e-01 2.536010742187500000e-02 2.856292724609375000e-01 3.111840816804897769e-01 -1.693239402770996094e+01 3.341128587722778320e+00 1.708018875122070312e+01 2.428171920776367188e+01 2.442474365234375000e-01 -6.291198730468750000e-02 3.343353271484375000e-01 4.188016706919260868e-01 -2.026689338684082031e+01 1.507361145019531250e+02 -8.820430755615234375e+01 1.758184356689453125e+02
3.101074218750000000e+00 -8.367919921875000000e-02 2.456665039062500000e-03 4.470672607421875000e-01 4.548377504259386583e-01 -1.937962889671325684e+00 -1.261709451675415039e+00 -8.061848640441894531e+00 8.386955261230468750e+00 -4.170227050781250000e-02 -4.692077636718750000e-02 3.892364501953125000e-01 3.942659670591089349e-01 3.094252204895019531e+01 -7.760420227050781250e+01 -9.619976806640625000e+01 1.274136810302734375e+02
3.125976562500000000e+00 1.137084960937500000e-01 1.400604248046875000e-01 2.603149414062500000e-02 1.822750212386910484e-01 1.269611644744873047e+01 7.962798595428466797e+00 -1.556511783599853516e+01 2.160718536376953125e+01 6.788635253906250000e-02 1.759033203125000000e-01 3.356933593750000000e-02 1.915135380940589938e-01 -1.937991333007812500e+01 4.527782058715820312e+01 7.610626983642578125e+01 9.065222930908203125e+01
3.150878906250000000e+00 2.502136230468750000e-01 2.644958496093750000e-01 -1.698760986328125000e-01 4.017745642839200548e-01 -7.443256378173828125e+00 -5.776158332824707031e+00 -1.937826126813888550e-01 9.423566818237304688e+00 2.333984375000000000e-01 2.830657958984375000e-01 -2.089843750000000000e-01 4.222268873830726243e-01 -1.438307495117187500e+02 -2.838898010253906250e+02 3.148712768554687500e+02 4.476880798339843750e+02
3.175781250000000000e+00 -1.061553955078125000e-01 1.016235351562500000e-02 5.209350585937500000e-02 1.186843493351898149e-01 -1.615550613403320312e+01 -1.390568256378173828e+01 1.015912818908691406e+01 2.361305427551269531e+01 -7.000732421875000000e-02 -7.736206054687500000e-03 -3.819274902343750000e-02 8.012215927168370166e-02 9.604615211486816406e+00 -1.098240256309509277e+00 3.512180328369140625e+01 3.642795181274414062e+01
3.200683593750000000e+00 -1.605072021484375000e-01 -1.433715820312500000e-01 2.715454101562500000e-01 3.464893681667431391e-01 6.415012836456298828e+00 -3.339356184005737305e+00 7.472217559814453125e+00 1.039892864227294922e+01 -1.930084228515625000e-01 -1.409301757812500000e-01 2.630004882812500000e-01 3.553629448515383538e-01 3.814863204956054688e+01 2.199709167480468750e+02 8.585321426391601562e+00 2.234194030761718750e+02
3.225585937500000000e+00 1.973266601562500000e-01 -1.926879882812500000e-01 1.304321289062500000e-01 3.050885312287434092e-01 1.362449741363525391e+01 -7.644160270690917969e+00 -1.912513923645019531e+01 2.469475746154785156e+01 2.677764892578125000e-01 -1.255035400390625000e-01 1.515045166015625000e-01 3.322785056428553818e-01 1.068270416259765625e+02 -3.905033874511718750e+01 -1.739767837524414062e+01 1.150635681152343750e+02
3.250488281250000000e+00 3.661804199218750000e-01 -2.475280761718750000e-01 -1.344299316406250000e-01 4.619844747915382022e-01 -3.572415113449096680e+00 2.952981472015380859e+00 3.230249166488647461e+00 5.649491786956787109e+00 3.254852294921875000e-01 -2.584991455078125000e-01 -1.749114990234375000e-01 4.509506351436675109e-01 4.043803787231445312e+01 -5.435595989227294922e+00 -3.730776214599609375e+01 5.528697586059570312e+01
3.275390625000000000e+00 1.906585693359375000e-01 -1.767578125000000000e-01 6.419372558593750000e-02 2.677962821728753773e-01 -9.451988220214843750e+00 2.239998340606689453e+00 6.970769882202148438e+00 1.195614147186279297e+01 1.345672607421875000e-01 -1.708068847656250000e-01 9.962463378906250000e-02 2.391827903604232808e-01 -1.148332786560058594e+01 -1.060996723175048828e+01 -5.124186706542968750e+01 5.357394027709960938e+01
3.300292968750000000e+00 4.086303710937500000e-02 -4.443359375000000000e-02 2.920684814453125000e-01 2.982417306634218557e-01 -2.207021474838256836e+00 1.012483119964599609e+01 4.057521820068359375e+00 1.112864017486572266e+01 1.099700927734375000e-01 -5.543518066406250000e-02 2.178192138671875000e-01 2.502232812700994069e-01 1.913389778137207031e+01 1.596019649505615234e+01 2.997434616088867188e+01 3.897814178466796875e+01
3.325195312500000000e+00 -5.915832519531250000e-02 -7.351684570312500000e-02 1.646118164062500000e-01 1.897405706289943539e-01 1.010182976722717285e+00 -1.054636287689208984e+01 -1.644392585754394531e+01 1.956141471862792969e+01 -2.391052246093750000e-02 -7.154846191406250000e-02 1.976623535156250000e-01 2.115686684836839415e-01 -6.555025482177734375e+01 -6.273278713226318359e+00 2.437903594970703125e+01 7.021771240234375000e+01
3.350097656250000000e+00 -1.083374023437500000e-02 -2.534790039062500000e-01 -6.594848632812500000e-02 2.621415232231275039e-01 4.947761058807373047e+00 -2.072268247604370117e+00 3.850327014923095703e+00 6.603003501892089844e+00 -1.250762939453125000e-01 -2.449645996093750000e-01 -7.197570800781250000e-02 2.843101069468011444e-01 -8.700105667114257812e+00 -4.160861074924468994e-01 -3.040665817260742188e+01 3.162957191467285156e+01
3.375000000000000000e+00 2.251586914062500000e-01 -1.757507324218750000e-01 1.321716308593750000e-01 3.147286073216530866e-01 1.241201305389404297e+01 5.324707984924316406e+00 1.506569004058837891e+01 2.023328018188476562e+01 1.981048583984375000e-01 -1.769409179687500000e-01 1.819915771484375000e-01 3.219853374389345935e-01 -4.759054183959960938e+01 1.192574596405029297e+01 -3.729165649414062500e+01 6.162589263916015625e+01
3.401367187500000000e+00 2.872314453125000000e-01 6.941223144531250000e-02 4.405364990234375000e-01 5.304642947667189690e-01 -1.369419860839843750e+01 1.436616230010986328e+01 1.193663406372070312e+01 2.316033172607421875e+01 2.938385009765625000e-01 7.373046875000000000e-02 3.643341064453125000e-01 4.738318138301314542e-01 4.490337753295898438e+01 1.503945446014404297e+01 -1.345159912109375000e+01 4.922848892211914062e+01
3.426269531250000000e+00 -3.878784179687500000e-02 1.102905273437500000e-01 3.180847167968750000e-01 3.388899292584098832e-01 -8.518876075744628906e+00 -1.600328636169433594e+01 -2.085666847229003906e+01 2.763470649719238281e+01 -9.051513671875000000e-02 9.844970703125000000e-02 2.608947753906250000e-01 2.931747236988169192e-01 -3.570528030395507812e+00 -1.935671806335449219e+01 9.655304718017578125e+01 9.853894042968750000e+01
3.451171875000000000e+00 -2.182769775390625000e-01 -1.874237060546875000e-01 -8.482360839843750000e-02 2.999458768788025309e-01 -3.010752677917480469e+00 -6.438041687011718750e+00 -7.153258800506591797e+00 1.008375549316406250e+01 -1.657562255859375000e-01 -1.881408691406250000e-01 -8.558654785156250000e-02 2.649474856167421399e-01 1.541412258148193359e+01 -1.383613204956054688e+01 7.443688964843750000e+01 7.726502990722656250e+01
3.476074218750000000e+00 -8.361816406250000000e-02 -1.943969726562500000e-02 9.796142578125000000e-03 8.640522901059442817e-02 1.187009334564208984e+01 1.680764770507812500e+01 1.441235446929931641e+01 2.512194442749023438e+01 -4.406738281250000000e-02 -7.232666015625000000e-03 -8.911132812500000000e-02 9.967484379640839665e-02 5.723176956176757812e+01 1.901205062866210938e+01 1.121147918701171875e+01 6.134028625488281250e+01
3.500976562500000000e+00 2.216186523437500000e-01 3.187866210937500000e-01 3.654785156250000000e-01 5.332112923021073980e-01 3.036674737930297852e+00 5.702817916870117188e+00 1.374518585205078125e+01 1.518794441223144531e+01 2.519531250000000000e-01 3.347778320312500000e-01 3.158874511718750000e-01 5.247298884423043930e-01 -3.615899658203125000e+01 -6.509883880615234375e+01 1.498847808837890625e+02 1.673642120361328125e+02
3.525878906250000000e+00 1.699523925781250000e-01 1.290283203125000000e-01 4.380035400390625000e-01 4.872157882011263763e-01 1.454570293426513672e-01 -1.605840492248535156e+01 -4.361962795257568359e+00 1.664092063903808594e+01 1.562805175781250000e-01 1.134338378906250000e-01 5.066223144531250000e-01 5.421780198928431993e-01 -4.917643737792968750e+01 -9.341219902038574219e+00 -5.167274856567382812e+01 7.194201660156250000e+01
3.550781250000000000e+00 1.006927490234375000e-01 -1.210632324218750000e-01 1.143798828125000000e-01 1.946229522500651232e-01 -7.299463272094726562e+00 3.819152593612670898e+00 -1.473043441772460938e+01 1.687761116027832031e+01 4.415893554687500000e-02 -1.357421875000000000e-01 1.237182617187500000e-01 1.888972242745438901e-01 -1.030383682250976562e+02 -8.639193725585937500e+01 1.324083099365234375e+02 1.887125701904296875e+02
3.575683593750000000e+00 4.849243164062500000e-02 6.451416015625000000e-02 4.341125488281250000e-02 9.164131075878102772e-02 6.039815902709960938e+00 1.282540607452392578e+01 8.967584609985351562e+00 1.677462387084960938e+01 9.892272949218750000e-02 5.459594726562500000e-02 8.113098144531250000e-02 1.390994608842717473e-01 -7.036293792724609375e+01 -5.393719673156738281e+00 3.720853805541992188e+01 7.977788543701171875e+01
3.600585937500000000e+00 1.487884521484375000e-01 2.917785644531250000e-01 2.523803710937500000e-01 4.134834771553432264e-01 2.441483497619628906e+00 6.272601485252380371e-01 6.043472290039062500e+00 6.548118114471435547e+00 1.901245117187500000e-01 2.617950439453125000e-01 3.450622558593750000e-01 4.730242439974741697e-01 -2.231880187988281250e+01 -2.233482742309570312e+01 6.255966186523437500e+01 7.007627868652343750e+01
3.625488281250000000e+00 1.468200683593750000e-01 1.413574218750000000e-01 3.146514892578125000e-01 3.748914681402573112e-01 -2.578482389450073242e+00 -1.875104904174804688e+00 -4.232946872711181641e+00 5.299285411834716797e+00 8.232116699218750000e-02 8.375549316406250000e-02 3.506164550781250000e-01 3.697616201577196837e-01 -1.066589126586914062e+02 -1.446002044677734375e+02 1.895948791503906250e+01 1.806787414550781250e+02
3.650390625000000000e+00 6.005859375000000000e-02 -5.371093750000000000e-02 2.749938964843750000e-01 2.865546066529303104e-01 -6.982671737670898438e+00 -9.361830711364746094e+00 2.056239247322082520e-01 1.168091869354248047e+01 5.572509765625000000e-02 -7.019042968750000000e-03 2.108306884765625000e-01 2.181837131329859292e-01 -1.583363647460937500e+02 -3.371252441406250000e+02 -2.382280731201171875e+01 3.732175903320312500e+02
3.675292968750000000e+00 -1.270446777343750000e-01 -2.844238281250000000e-01 1.990509033203125000e-01 3.696735401114653041e-01 -5.511360988020896912e-02 -8.213350176811218262e-02 -6.385008335113525391e+00 6.385774135589599609e+00 -6.361389160156250000e-02 -2.012481689453125000e-01 1.573333740234375000e-01 2.632514829780361887e-01 1.440324306488037109e+00 1.082415103912353516e+00 -8.753909301757812500e+01 8.755763244628906250e+01
3.700195312500000000e+00 4.425048828125000000e-02 -6.230163574218750000e-02 -1.383972167968750000e-02 7.766039805108181093e-02 6.581145286560058594e+00 1.452050495147705078e+01 -9.387124061584472656e+00 1.850066566467285156e+01 4.644775390625000000e-02 -4.866027832031250000e-02 -2.445983886718750000e-02 7.157862981752732834e-02 1.180374679565429688e+02 1.591714782714843750e+02 -9.477184295654296875e+00 1.983890533447265625e+02
3.725097656250000000e+00 5.560302734375000000e-02 8.659362792968750000e-02 -1.213836669921875000e-01 1.591356266217129334e-01 -3.763584792613983154e-01 -2.994083642959594727e+00 -3.247418165206909180e+00 4.433047294616699219e+00 -5.722045898437500000e-03 1.024475097656250000e-01 -1.393890380859375000e-01 1.730824601309000066e-01 2.822371520996093750e+02 2.831255493164062500e+02 8.447909545898437500e+01 4.086007995605468750e+02
