0.000000000000000000e+00 0.000000000000000000e+00 5.000000000000000000e+00 0.000000000000000000e+00 5.000000000000000000e+00 6.359997558593750000e+01 0.000000000000000000e+00 0.000000000000000000e+00 6.359997558593750000e+01 -5.673217773437500000e-02 -1.463012695312500000e-01 -6.573486328125000000e-02 1.701284035884214341e-01 4.406077575683593750e+01 -1.133884353637695312e+02 -3.684986114501953125e+01 1.271070480346679688e+02 1.000000014901161194e-01 9.999999747378751636e-05 2.170343650504946709e-03 5.178623199462890625e-01 -1.102130301296710968e-02 8.553929924964904785e-01
1.464843750000000000e-02 3.980712890625000000e-01 5.489410400390625000e+00 -1.026504516601562500e+00 5.598731893714508523e+00 2.255196952819824219e+01 6.761709690093994141e+00 -6.173961639404296875e+01 6.607641601562500000e+01 -2.289276123046875000e-01 -1.446838378906250000e-01 5.010986328125000000e-02 2.754128955229793174e-01 -1.646048583984375000e+02 1.351365509033203125e+02 -4.691557407379150391e+00 2.130226745605468750e+02 1.776769459247589111e-01 1.024167358991689980e-04 2.621602334329509176e-06 2.300295680761337280e-01 -9.729099273681640625e-01 -2.308050915598869324e-02
2.441406250000000000e-02 6.115112304687500000e-01 5.351654052734375000e+00 -1.484893798828125000e+00 5.587401603512663684e+00 1.842916488647460938e+01 -3.134642601013183594e+01 -3.741547393798828125e+01 5.217423248291015625e+01 -1.465606689453125000e-01 -2.003784179687500000e-01 -3.727722167968750000e-02 2.510400990390043718e-01 -7.914730834960937500e+01 -2.535022926330566406e+01 -1.532894134521484375e+02 1.743690795898437500e+02 1.776769459247589111e-01 1.024257580866105855e-04 3.624329565354855731e-07 2.301663011312484741e-01 -9.728785157203674316e-01 -2.304077707231044769e-02
3.417968750000000000e-02 7.910308837890625000e-01 4.904510498046875000e+00 -1.710266113281250000e+00 5.254042563854833148e+00 1.517226886749267578e+01 -5.864812469482421875e+01 -1.186837005615234375e+01 6.173052978515625000e+01 9.635925292968750000e-02 -4.825286865234375000e-01 1.279144287109375000e-01 5.084104051016725689e-01 1.425700187683105469e+01 -3.114650535583496094e+01 -1.725961303710937500e+02 1.759624633789062500e+02 1.776769459247589111e-01 1.024331140797585249e-04 8.247304208452987950e-07 2.301663011312484741e-01 -9.728785157203674316e-01 -2.304077707231044769e-02
4.394531250000000000e-02 8.984375000000000000e-01 4.201461791992187500e+00 -1.697113037109375000e+00 4.619487394906826694e+00 6.450363636016845703e+00 -8.283345031738281250e+01 1.574238681793212891e+01 8.456246185302734375e+01 -4.223632812500000000e-02 -3.081665039062500000e-01 -1.246490478515625000e-01 3.350938475615220513e-01 4.340711975097656250e+01 -1.116308975219726562e+01 -7.247506713867187500e+01 8.521401214599609375e+01 1.776769459247589111e-01 1.024395241984166205e-04 9.928218105414998718e-07 2.301663011312484741e-01 -9.728785157203674316e-01 -2.304077707231044769e-02
5.371093750000000000e-02 9.141693115234375000e-01 3.303253173828125000e+00 -1.421371459960937500e+00 3.710456021532704263e+00 -4.066429615020751953e+00 -9.516544342041015625e+01 3.899424743652343750e+01 1.029249725341796875e+02 -5.130767822265625000e-01 -4.635925292968750000e-01 8.065795898437500000e-02 6.961835419107251788e-01 4.791258239746093750e+01 -4.868965530395507812e+01 -1.117901840209960938e+02 1.310089416503906250e+02 1.776769459247589111e-01 1.024480880005285144e-04 1.204014665745489765e-06 2.301663011312484741e-01 -9.728785157203674316e-01 -2.304077707231044769e-02
6.347656250000000000e-02 8.153686523437500000e-01 2.348815917968750000e+00 -9.652252197265625000e-01 2.667099919486414006e+00 -1.240680217742919922e+01 -9.448847198486328125e+01 4.478604888916015625e+01 1.052985763549804688e+02 -1.630706787109375000e-01 -5.070343017578125000e-01 1.745300292968750000e-01 5.604788671668596844e-01 -1.193564295768737793e+00 -3.066868286132812500e+02 2.034658660888671875e+02 3.680442810058593750e+02 1.779627352952957153e-01 1.024673983920365572e-04 1.773333565324719530e-06 2.356241792440414429e-01 -9.715496301651000977e-01 -2.392707206308841705e-02
7.324218750000000000e-02 7.530364990234375000e-01 1.590881347656250000e+00 -7.130432128906250000e-01 1.899051883080456360e+00 -1.196440458297729492e+00 -6.468292236328125000e+01 1.318630886077880859e+01 6.602416992187500000e+01 1.463470458984375000e-01 -5.635375976562500000e-01 1.722259521484375000e-01 6.071687248276320670e-01 -8.436154937744140625e+01 -1.023573379516601562e+02 1.158894653320312500e+02 1.761370544433593750e+02 1.788231283426284790e-01 1.024992307065986097e-04 6.050334832252701744e-06 2.583701312541961670e-01 -9.659049510955810547e-01 -1.650890335440635681e-02
8.300781250000000000e-02 7.277984619140625000e-01 9.081268310546875000e-01 -5.296173095703125000e-01 1.278624040538265616e+00 -5.147401809692382812e+00 -7.477880096435546875e+01 2.585986900329589844e+01 7.929122161865234375e+01 -5.424499511718750000e-02 -3.618316650390625000e-01 1.865081787109375000e-01 4.106701523683879973e-01 9.162896728515625000e+01 2.631651687622070312e+01 5.488750076293945312e+01 1.100048370361328125e+02 1.799972206354141235e-01 1.025373931042850018e-04 2.638833620949299075e-06 2.899497747421264648e-01 -9.567927718162536621e-01 -2.183338627219200134e-02
9.277343750000000000e-02 6.503906250000000000e-01 2.437591552734375000e-01 -3.151397705078125000e-01 7.627185364361005471e-01 -6.428454399108886719e+00 -5.902008819580078125e+01 1.860463142395019531e+01 6.221598052978515625e+01 2.914428710937500000e-02 -2.151489257812500000e-02 1.603851318359375000e-01 1.644252735676391963e-01 -4.162102127075195312e+01 9.495426177978515625e+00 -8.280676269531250000e+01 9.316347503662109375e+01 1.815108209848403931e-01 1.025868623401038349e-04 5.551203685172367841e-06 3.359355330467224121e-01 -9.416584968566894531e-01 -2.065326459705829620e-02
1.025390625000000000e-01 5.718078613281250000e-01 -3.015441894531250000e-01 -1.393432617187500000e-01 6.612939384691246536e-01 -1.093242931365966797e+01 -5.001178359985351562e+01 1.779818344116210938e+01 5.419844818115234375e+01 -2.737274169921875000e-01 -2.900390625000000000e-01 9.138488769531250000e-02 4.091461282820340606e-01 6.392796707153320312e+01 -3.675875091552734375e+01 9.428389739990234375e+01 1.196972961425781250e+02 1.833595931529998779e-01 1.026470781653188169e-04 9.740954737935680896e-06 3.610600829124450684e-01 -9.290339946746826172e-01 -8.081733435392379761e-02
1.123046875000000000e-01 4.943542480468750000e-01 -7.690124511718750000e-01 4.425048828125000000e-04 9.142026407913826924e-01 -1.097268199920654297e+01 -3.962034606933593750e+01 1.277298069000244141e+01 4.305021286010742188e+01 -1.583099365234375000e-01 6.860351562500000000e-02 8.940124511718750000e-02 1.943220548127974900e-01 -1.379484100341796875e+02 1.727292823791503906e+01 -2.388652954101562500e+02 2.763778991699218750e+02 1.853953152894973755e-01 1.027138496283441782e-04 9.878967830445617437e-06 3.624351620674133301e-01 -9.189062714576721191e-01 -1.557304561138153076e-01
1.220703125000000000e-01 4.025726318359375000e-01 -1.168701171875000000e+00 1.212310791015625000e-01 1.242024205716394603e+00 -8.703360557556152344e+00 -3.623492431640625000e+01 1.269509601593017578e+01 3.936856460571289062e+01 -4.164581298828125000e-01 1.118469238281250000e-01 2.813568115234375000e-01 5.148871368619913902e-01 1.201204299926757812e+02 -1.020664596557617188e+01 -2.215146942138671875e+02 2.521940765380859375e+02 1.877562105655670166e-01 1.027911494020372629e-04 3.807072516792686656e-06 3.568795621395111084e-01 -9.047442674636840820e-01 -2.325398325920104980e-01
1.318359375000000000e-01 3.233489990234375000e-01 -1.509872436523437500e+00 2.251434326171875000e-01 1.560435488891908973e+00 -9.127612113952636719e+00 -2.857110023498535156e+01 6.299122810363769531e+00 3.064800071716308594e+01 -5.298614501953125000e-01 3.234252929687500000e-01 2.312469482421875000e-01 6.624441316868361351e-01 -7.652776336669921875e+01 -2.068474388122558594e+01 5.445637893676757812e+01 9.617616271972656250e+01 1.898144334554672241e-01 1.028588740155100822e-04 1.247377531399251893e-05 3.531567454338073730e-01 -8.872982263565063477e-01 -2.966178059577941895e-01
1.416015625000000000e-01 2.467041015625000000e-01 -1.792358398437500000e+00 2.872772216796875000e-01 1.831922417645791112e+00 -9.967916488647460938e+00 -2.259184074401855469e+01 5.864151000976562500e+00 2.537989044189453125e+01 1.622161865234375000e-01 2.474822998046875000e-01 2.878875732421875000e-01 4.128448070572037221e-01 1.421199188232421875e+02 -2.685005798339843750e+02 2.183654327392578125e+02 3.741311035156250000e+02 1.915718317031860352e-01 1.029179329634644091e-04 1.042590156430378556e-05 3.544713854789733887e-01 -8.659997582435607910e-01 -3.526960313320159912e-01
1.513671875000000000e-01 1.416931152343750000e-01 -2.019393920898437500e+00 3.335876464843750000e-01 2.051660172775543245e+00 -1.148034954071044922e+01 -1.816180801391601562e+01 2.401822805404663086e+00 2.161986160278320312e+01 -2.957458496093750000e-01 2.502593994140625000e-01 4.017639160156250000e-02 3.894990590468485614e-01 7.954481506347656250e+01 7.145734405517578125e+01 -2.756292419433593750e+02 2.956433715820312500e+02 1.932150274515151978e-01 1.029722043313086033e-04 6.214026598172495142e-06 3.438937962055206299e-01 -8.499169945716857910e-01 -3.992219269275665283e-01
1.611328125000000000e-01 1.962280273437500000e-02 -2.187301635742187500e+00 3.557281494140625000e-01 2.216126353887150291e+00 -1.306574153900146484e+01 -1.282661151885986328e+01 2.506838142871856689e-01 1.831115531921386719e+01 -3.437957763671875000e-01 3.052520751953125000e-01 3.945770263671875000e-01 6.058592204429459338e-01 1.127007064819335938e+02 -6.719675540924072266e+00 5.832289505004882812e+01 1.270754241943359375e+02 1.947339624166488647e-01 1.030227722367271781e-04 1.403710757585940883e-05 3.293490111827850342e-01 -8.403421640396118164e-01 -4.305278658866882324e-01
1.708984375000000000e-01 -8.207702636718750000e-02 -2.313186645507812500e+00 3.843231201171875000e-01 2.346331893801381074e+00 -6.282706737518310547e+00 -9.234601974487304688e+00 1.698253631591796875e+00 1.129753684997558594e+01 -2.494354248046875000e-01 5.177001953125000000e-01 -9.088134765625000000e-02 5.817997445220406405e-01 -4.399067687988281250e+01 -2.140757141113281250e+02 -1.537560272216796875e+02 2.672162170410156250e+02 1.965453028678894043e-01 1.030829880619421601e-04 7.612127319589490071e-06 3.208463490009307861e-01 -8.317662477493286133e-01 -4.530149698257446289e-01
1.806640625000000000e-01 -5.613708496093750000e-02 -2.075775146484375000e+00 6.231689453125000000e-01 2.168025222517495187e+00 -5.743402004241943359e+00 7.072368621826171875e+00 -5.789225101470947266e+00 1.079445171356201172e+01 1.498260498046875000e-01 7.550048828125000000e-02 2.208557128906250000e-01 2.773543128332603414e-01 5.370962142944335938e+01 -6.076362991333007812e+01 2.992558288574218750e+01 8.644352722167968750e+01 2.014985531568527222e-01 1.032520158332772553e-04 6.732945621479302645e-06 3.371771574020385742e-01 -7.796087265014648438e-01 -5.277516245841979980e-01
1.904296875000000000e-01 -7.440185546875000000e-02 -1.985961914062500000e+00 5.704040527343750000e-01 2.067593079786199439e+00 1.880340695381164551e+00 1.060686874389648438e+01 -1.133052825927734375e+01 1.563400840759277344e+01 -2.522277832031250000e-02 2.768554687500000000e-01 -5.737304687500000000e-03 2.780612446711246966e-01 1.717781829833984375e+02 2.968988037109375000e+02 -2.671004028320312500e+02 4.347404479980468750e+02 2.034354656934738159e-01 1.033168155117891729e-04 7.936086149129550904e-06 3.636619448661804199e-01 -7.397828698158264160e-01 -5.661018490791320801e-01
2.001953125000000000e-01 -6.983947753906250000e-02 -1.878890991210937500e+00 5.009307861328125000e-01 1.945775054309255347e+00 3.183100700378417969e+00 1.110888004302978516e+01 -1.010070610046386719e+01 1.534808158874511719e+01 1.446533203125000000e-01 6.645202636718750000e-02 2.349700927734375000e-01 2.838157842398726372e-01 -1.548123474121093750e+02 -1.054423065185546875e+02 -1.439430999755859375e+02 2.362298889160156250e+02 2.052998244762420654e-01 1.033793669193983078e-04 8.500662261212710291e-06 3.958556652069091797e-01 -7.007982134819030762e-01 -5.934476852416992188e-01
2.148437500000000000e-01 5.647277832031250000e-02 -6.174621582031250000e-01 5.187530517578125000e-01 8.084265088504457575e-01 3.752779245376586914e+00 3.938808059692382812e+01 -1.701169204711914062e+01 4.306857299804687500e+01 3.434143066406250000e-01 2.108917236328125000e-01 4.242095947265625000e-01 5.851174970553812971e-01 3.033574104309082031e+01 -2.529648399353027344e+01 7.528356933593750000e+01 8.501638031005859375e+01 2.151069045066833496e-01 1.037149850162677467e-04 3.163431301800301298e-06 4.256014823913574219e-01 -5.671042799949645996e-01 -7.051638960838317871e-01
2.246093750000000000e-01 5.848693847656250000e-02 -5.877685546875000000e-02 3.052978515625000000e-01 3.163577387702627419e-01 2.388058776855468750e+02 4.383135986328125000e+01 -2.200332450866699219e+01 2.437900238037109375e+02 2.969665527343750000e-01 -4.223022460937500000e-01 9.031677246093750000e-02 5.241044169691048138e-01 6.514222717285156250e+01 4.069706344604492188e+01 6.560974884033203125e+01 1.010168304443359375e+02 6.789255142211914062e-01 2.146290062228217721e-04 3.277898940723389387e-06 -9.885180592536926270e-01 -1.102209612727165222e-01 -1.033606156706809998e-01
2.343750000000000000e-01 5.714874267578125000e-01 2.447814941406250000e-01 2.385253906250000000e-01 6.658905471538034693e-01 2.291182041168212891e+00 2.238150024414062500e+01 7.820072770118713379e-01 2.251205444335937500e+01 -4.745483398437500000e-03 -2.758941650390625000e-01 3.223876953125000000e-01 4.243511941825917066e-01 -1.967309570312500000e+02 -3.031569862365722656e+01 4.265530700683593750e+02 4.707118225097656250e+02 6.795741319656372070e-01 2.147204941138625145e-04 7.491754786315141246e-06 -9.875017404556274414e-01 -1.017117500305175781e-01 -1.203953698277473450e-01
2.441406250000000000e-01 5.807647705078125000e-01 4.561614990234375000e-01 2.513427734375000000e-01 7.800924442741105080e-01 -1.372994780540466309e-01 1.778586578369140625e+01 1.255733489990234375e+00 1.783066940307617188e+01 9.448242187500000000e-02 1.813507080078125000e-01 3.143920898437500000e-01 3.750431888391267954e-01 -5.833131790161132812e+01 -1.098842239379882812e+02 -9.560369873046875000e+01 1.568985443115234375e+02 6.800772547721862793e-01 2.147932973457500339e-04 1.114308906835503876e-05 -9.864282608032226562e-01 -9.184309840202331543e-02 -1.361035406589508057e-01
2.539062500000000000e-01 6.004028320312500000e-01 6.216583251953125000e-01 2.579498291015625000e-01 9.019316760871144423e-01 2.693586587905883789e+00 1.306356906890869141e+01 1.440890669822692871e+00 1.341597557067871094e+01 -8.865356445312500000e-02 -5.323791503906250000e-02 3.235168457031250000e-01 3.396422817342540923e-01 -4.097447204589843750e+01 1.866162719726562500e+02 9.529273033142089844e+00 1.912991027832031250e+02 6.807305216789245605e-01 2.148859639419242740e-04 1.062942646967712790e-05 -9.850463271141052246e-01 -7.832031697034835815e-02 -1.534589529037475586e-01
2.636718750000000000e-01 6.087036132812500000e-01 7.549743652343750000e-01 2.741241455078125000e-01 1.007794834345307367e+00 -2.413307905197143555e+00 1.057235050201416016e+01 3.334178686141967773e+00 1.134528160095214844e+01 -1.662597656250000000e-01 2.546234130859375000e-01 3.874053955078125000e-01 4.925021143363513820e-01 -1.321698665618896484e+01 4.661146545410156250e+01 8.128253936767578125e+01 9.462646484375000000e+01 6.814345717430114746e-01 2.149907231796532869e-04 4.445210379344644025e-06 -9.813629388809204102e-01 -7.439791411161422729e-02 -1.771770268678665161e-01
2.734375000000000000e-01 5.905303955078125000e-01 8.806915283203125000e-01 2.964630126953125000e-01 1.101015001700777152e+00 -5.322936058044433594e+00 1.137072467803955078e+01 1.821703076362609863e+00 1.268643474578857422e+01 -1.445007324218750000e-01 1.730651855468750000e-01 5.164031982421875000e-01 5.634751842571175118e-01 -2.491689147949218750e+02 -1.222998523712158203e+01 1.235508270263671875e+02 2.783873901367187500e+02 6.819982528686523438e-01 2.150815998902544379e-04 7.128388006094610319e-06 -9.777886867523193359e-01 -7.101022452116012573e-02 -1.971975564956665039e-01
2.832031250000000000e-01 5.284423828125000000e-01 1.018173217773437500e+00 3.052673339843750000e-01 1.187062002821081208e+00 -8.856699943542480469e+00 1.035774326324462891e+01 7.008350640535354614e-02 1.362823867797851562e+01 -1.410675048828125000e-01 1.665496826171875000e-01 2.500915527343750000e-01 3.319406911826853768e-01 6.701487731933593750e+01 5.874096298217773438e+01 -8.938520812988281250e+01 1.262188949584960938e+02 6.825889945030212402e-01 2.151686639990657568e-04 1.439803145331097767e-05 -9.734091758728027344e-01 -7.488393038511276245e-02 -2.164878994226455688e-01
2.929687500000000000e-01 4.608764648437500000e-01 1.097106933593750000e+00 3.145599365234375000e-01 1.230852831678906467e+00 -8.438289642333984375e+00 4.317091464996337891e+00 3.381072759628295898e+00 1.006348228454589844e+01 -2.435302734375000000e-01 -1.164703369140625000e-01 4.459381103515625000e-01 5.212802813509648248e-01 -1.670448684692382812e+01 1.154547653198242188e+02 -3.276667594909667969e+00 1.167029495239257812e+02 6.832756996154785156e-01 2.152742672478780150e-04 1.510385027359006926e-05 -9.679011106491088867e-01 -7.812646031379699707e-02 -2.388801276683807373e-01
3.027343750000000000e-01 3.881683349609375000e-01 1.129211425781250000e+00 3.392486572265625000e-01 1.241322984485220715e+00 -1.012321186065673828e+01 2.443252563476562500e+00 4.139579772949218750e+00 1.120647239685058594e+01 5.079650878906250000e-02 3.407135009765625000e-01 2.695465087890625000e-01 4.374028983137120408e-01 -1.498900604248046875e+02 6.485261917114257812e+00 -1.557952270507812500e+02 2.162897186279296875e+02 6.841289997100830078e-01 2.153886161977425218e-04 2.792763734760228544e-05 -9.610303044319152832e-01 -8.401214331388473511e-02 -2.633680999279022217e-01
3.125000000000000000e-01 2.964477539062500000e-01 1.165084838867187500e+00 3.871612548828125000e-01 1.263011397350267462e+00 -8.903157234191894531e+00 2.969368219375610352e+00 4.970302104949951172e+00 1.062013435363769531e+01 -9.194946289062500000e-02 4.054565429687500000e-01 2.519989013671875000e-01 4.861616585584611072e-01 6.730361175537109375e+01 2.089040679931640625e+02 -2.878072738647460938e+01 2.213572235107421875e+02 6.846499443054199219e-01 2.154715912183746696e-04 1.603672353667207062e-05 -9.553065896034240723e-01 -8.624295145273208618e-02 -2.827568650245666504e-01
3.222656250000000000e-01 2.102966308593750000e-01 1.180297851562500000e+00 4.396820068359375000e-01 1.276968268395552109e+00 -1.045374202728271484e+01 -5.160607099533081055e-01 4.275016307830810547e+00 1.130587482452392578e+01 -9.071350097656250000e-02 2.300720214843750000e-01 3.520355224609375000e-01 4.302221326288045988e-01 4.596950054168701172e+00 -4.420042800903320312e+01 -3.374948883056640625e+01 5.580177307128906250e+01 6.857436895370483398e-01 2.156274858862161636e-04 9.506574315309990197e-06 -9.446750283241271973e-01 -8.214213699102401733e-02 -3.175558447837829590e-01
3.320312500000000000e-01 1.016082763671875000e-01 1.201965332031250000e+00 4.853210449218750000e-01 1.300223603029634356e+00 -1.141697025299072266e+01 -3.014450788497924805e+00 4.500521183013916016e+00 1.263680362701416016e+01 -3.130798339843750000e-01 1.281127929687500000e-01 4.595336914062500000e-01 5.706164067982905097e-01 7.870005035400390625e+01 -5.011343002319335938e+01 -5.133243179321289062e+01 1.064897766113281250e+02 6.861727833747863770e-01 2.157014096155762672e-04 1.008126037049805745e-05 -9.394456148147583008e-01 -7.818886637687683105e-02 -3.336591720581054688e-01
3.417968750000000000e-01 -2.279663085937500000e-02 1.189956665039062500e+00 5.316009521484375000e-01 1.303501485758474798e+00 -1.401665592193603516e+01 -3.439594030380249023e+00 3.951196670532226562e+00 1.496360301971435547e+01 6.491088867187500000e-02 5.789947509765625000e-01 4.859924316406250000e-01 7.587074460808670429e-01 9.878472900390625000e+01 -1.615937423706054688e+01 -7.536618804931640625e+01 1.252980880737304688e+02 6.866825222969055176e-01 2.157820999855175614e-04 9.588671673554927111e-06 -9.347063899040222168e-01 -7.639741152524948120e-02 -3.471129834651947021e-01
3.515625000000000000e-01 -1.475830078125000000e-01 1.136932373046875000e+00 5.553588867187500000e-01 1.273899312400502248e+00 -1.224526596069335938e+01 -9.909502029418945312e+00 8.695932030677795410e-01 1.577659511566162109e+01 -1.167297363281250000e-01 4.575805664062500000e-01 4.217376708984375000e-01 6.331417449124144836e-01 2.875277900695800781e+01 -1.468264007568359375e+02 4.250678253173828125e+01 1.555363006591796875e+02 6.874943971633911133e-01 2.158972783945500851e-04 1.522847742307931185e-05 -9.254904985427856445e-01 -8.551958203315734863e-02 -3.689901530742645264e-01
3.613281250000000000e-01 -2.677001953125000000e-01 1.041458129882812500e+00 5.672302246093750000e-01 1.215750204022091774e+00 -1.196822929382324219e+01 -1.476003360748291016e+01 1.636144399642944336e+00 1.907286262512207031e+01 -6.439208984375000000e-02 4.466857910156250000e-01 6.670532226562500000e-01 8.053785066574528084e-01 -9.375523567199707031e+00 5.125009536743164062e+01 -3.539488983154296875e+01 6.298627471923828125e+01 6.881628632545471191e-01 2.159889409085735679e-04 1.152196455223020166e-05 -9.174471497535705566e-01 -9.216797351837158203e-02 -3.870345950126647949e-01
3.710937500000000000e-01 -3.678436279296875000e-01 9.029693603515625000e-01 5.700988769531250000e-01 1.129457980557664998e+00 -7.655045986175537109e+00 -1.825347900390625000e+01 -2.093427181243896484e-01 1.979477310180664062e+01 -1.068115234375000000e-04 -3.021240234375000000e-02 6.270294189453125000e-01 6.277568740260662805e-01 -2.264069519042968750e+02 1.036588001251220703e+01 -1.001890335083007812e+02 2.478011474609375000e+02 6.888427734375000000e-01 2.160949807148426771e-04 2.774614040390588343e-05 -9.088893532752990723e-01 -1.017430722713470459e-01 -4.044359624385833740e-01
3.808593750000000000e-01 -4.291839599609375000e-01 7.254486083984375000e-01 5.772705078125000000e-01 1.021624096282523375e+00 -4.080810070037841797e+00 -2.027800369262695312e+01 7.969128489494323730e-01 2.069989204406738281e+01 -7.127380371093750000e-02 7.170104980468750000e-02 5.234069824218750000e-01 5.330814805322845462e-01 7.421715545654296875e+01 8.574932098388671875e+01 1.098713493347167969e+01 1.139379196166992188e+02 6.898203492164611816e-01 2.162347373086959124e-04 1.597271148057188839e-05 -8.963723182678222656e-01 -1.229029744863510132e-01 -4.259243011474609375e-01
3.906250000000000000e-01 -4.568786621093750000e-01 5.458374023437500000e-01 5.712432861328125000e-01 9.126858570395618431e-01 -7.772167921066284180e-01 -1.824029541015625000e+01 -2.187495708465576172e+00 1.838743019104003906e+01 3.704376220703125000e-01 -1.083068847656250000e-01 4.961090087890625000e-01 6.285527517515201446e-01 7.844493103027343750e+01 -2.626742553710937500e+01 -1.893784790039062500e+02 2.066586456298828125e+02 6.904112100601196289e-01 2.163257304346188903e-04 8.427850843872874975e-06 -8.888900279998779297e-01 -1.409505158662796021e-01 -4.358984231948852539e-01
4.003906250000000000e-01 -4.616241455078125000e-01 3.965454101562500000e-01 5.606231689453125000e-01 8.274318410540477675e-01 2.700977325439453125e+00 -1.644988059997558594e+01 -2.360368013381958008e+00 1.683642578125000000e+01 3.563537597656250000e-01 3.336944580078125000e-01 6.278686523437500000e-01 7.953358020359584390e-01 1.209557723999023438e+02 -1.170567169189453125e+02 1.581919860839843750e+02 2.309919433593750000e+02 6.910946369171142578e-01 2.164299803553149104e-04 2.068493813567329198e-05 -8.795202374458312988e-01 -1.485091000795364380e-01 -4.520942270755767822e-01
4.101562500000000000e-01 -4.405670166015625000e-01 2.463989257812500000e-01 5.194702148437500000e-01 7.243348886068978754e-01 3.157590389251708984e+00 -1.466563796997070312e+01 -5.031877040863037109e+00 1.582311916351318359e+01 1.069793701171875000e-01 2.073669433593750000e-02 3.917083740234375000e-01 4.065833818575686487e-01 2.319276237487792969e+01 5.111779785156250000e+01 8.241326141357421875e+01 9.971398925781250000e+01 6.917916536331176758e-01 2.165328187402337790e-04 7.579577868455089629e-06 -8.695245981216430664e-01 -1.513909399509429932e-01 -4.701146483421325684e-01
4.248046875000000000e-01 -3.999633789062500000e-01 6.912231445312500000e-02 4.797210693359375000e-01 6.283954990181553901e-01 3.208504438400268555e+00 -1.049340438842773438e+01 -2.912757396697998047e+00 1.135298156738281250e+01 9.309387207031250000e-02 1.824645996093750000e-01 3.769531250000000000e-01 4.290145190723955726e-01 2.633764076232910156e+01 9.429010772705078125e+01 -1.107178955078125000e+02 1.477929229736328125e+02 6.933649182319641113e-01 2.167550555896013975e-04 2.088764085783623159e-05 -8.506317138671875000e-01 -1.493147462606430054e-01 -5.041138529777526855e-01
4.345703125000000000e-01 -3.901977539062500000e-01 -2.236938476562500000e-02 4.583129882812500000e-01 6.023333560044339396e-01 -1.552586436271667480e+00 -9.324930191040039062e+00 -2.103609800338745117e+00 9.684524536132812500e+00 2.030181884765625000e-01 1.345825195312500000e-02 6.127166748046875000e-01 6.456153909113784284e-01 -8.109732818603515625e+01 -3.494944763183593750e+01 8.405357360839843750e+01 1.219149017333984375e+02 6.945401430130004883e-01 2.169244544347748160e-04 1.405314651492517442e-05 -8.363568186759948730e-01 -1.457083225250244141e-01 -5.284661054611206055e-01
4.443359375000000000e-01 -3.904571533203125000e-01 -1.198730468750000000e-01 4.302825927734375000e-01 5.932701286850112776e-01 1.863189816474914551e+00 -1.013298130035400391e+01 -3.013000965118408203e+00 1.073438167572021484e+01 8.068847656250000000e-02 6.571960449218750000e-02 1.687622070312500000e-01 1.982684523232204621e-01 1.851021270751953125e+02 -9.016043853759765625e+01 4.909485244750976562e+01 2.116648406982421875e+02 6.954782605171203613e-01 2.170623338315635920e-04 1.909933598653879017e-05 -8.250254392623901367e-01 -1.386796981096267700e-01 -5.478147268295288086e-01
4.541015625000000000e-01 -3.662261962890625000e-01 -2.126007080078125000e-01 3.991851806640625000e-01 5.819531736794449905e-01 3.014577150344848633e+00 -7.742555141448974609e+00 -3.561107397079467773e+00 9.039708137512207031e+00 7.221984863281250000e-02 2.700805664062500000e-02 3.410339355468750000e-01 3.496416549192039036e-01 -3.892873001098632812e+01 -5.303450012207031250e+01 -4.972702407836914062e+01 8.246745300292968750e+01 6.963444352149963379e-01 2.171893138438463211e-04 7.434040526277385652e-06 -8.136382699012756348e-01 -1.317502558231353760e-01 -5.662461519241333008e-01
4.638671875000000000e-01 -3.164367675781250000e-01 -2.725677490234375000e-01 3.657836914062500000e-01 5.551784529156176262e-01 7.849290847778320312e+00 -1.023368358612060547e+00 -2.962782621383666992e+00 8.452025413513183594e+00 7.997131347656250000e-02 3.170776367187500000e-02 4.487304687500000000e-01 4.569024259520109155e-01 2.272413482666015625e+02 -2.697026062011718750e+01 2.835972309112548828e+00 2.288538055419921875e+02 6.973350048065185547e-01 2.173287502955645323e-04 2.136680086550768465e-05 -8.029879331588745117e-01 -1.220445334911346436e-01 -5.833656787872314453e-01
4.736328125000000000e-01 -2.582244873046875000e-01 -3.063507080078125000e-01 3.252716064453125000e-01 5.160738901554418057e-01 4.040700912475585938e+00 -3.409683227539062500e+00 -2.926827192306518555e+00 6.043138504028320312e+00 2.663574218750000000e-01 -1.855316162109375000e-01 5.226745605468750000e-01 6.152698213341917244e-01 -6.632884216308593750e+01 4.953112030029296875e+01 -7.398033142089843750e+01 1.110222320556640625e+02 6.981342434883117676e-01 2.174477267544716597e-04 2.114398557750973850e-05 -7.931495308876037598e-01 -1.138668134808540344e-01 -5.982876420021057129e-01
4.833984375000000000e-01 -2.156372070312500000e-01 -3.489379882812500000e-01 2.883605957031250000e-01 5.014069782883611159e-01 5.120992183685302734e+00 -2.706929922103881836e+00 -3.531074285507202148e+00 6.783842563629150391e+00 -1.050720214843750000e-01 -7.063293457031250000e-02 7.144165039062500000e-02 1.453721106518141570e-01 8.607735443115234375e+01 1.244920120239257812e+02 -2.585686302185058594e+01 1.535452728271484375e+02 6.994847655296325684e-01 2.176442940253764391e-04 2.166354897781275213e-05 -7.739334702491760254e-01 -1.034506782889366150e-01 -6.247598528861999512e-01
4.931640625000000000e-01 -1.695098876953125000e-01 -3.578033447265625000e-01 2.553405761718750000e-01 4.711216884879934064e-01 4.241426944732666016e+00 4.691928863525390625e+00 -2.340018987655639648e+00 6.743855476379394531e+00 -3.529357910156250000e-02 2.487182617187500000e-02 3.687744140625000000e-01 3.712934323820749061e-01 1.938016662597656250e+02 1.114697837829589844e+01 7.057785797119140625e+01 2.065540466308593750e+02 7.002451419830322266e-01 2.177600399591028690e-04 1.537785647087730467e-05 -7.629548311233520508e-01 -9.759888052940368652e-02 -6.390417814254760742e-01
5.029296875000000000e-01 -1.386413574218750000e-01 -3.007812500000000000e-01 2.449951171875000000e-01 4.119628548607986440e-01 3.339084625244140625e+00 7.733560085296630859e+00 -1.070717573165893555e+00 8.491400718688964844e+00 -4.879760742187500000e-01 3.550872802734375000e-01 2.897491455078125000e-01 6.694491712926660121e-01 2.052752494812011719e+01 3.480865097045898438e+01 3.672199630737304688e+01 5.460335540771484375e+01 7.010584473609924316e-01 2.178786235162988305e-04 4.920113042317098007e-06 -7.511076927185058594e-01 -9.431720525026321411e-02 -6.534075736999511719e-01
5.126953125000000000e-01 -1.008148193359375000e-01 -2.509307861328125000e-01 2.490844726562500000e-01 3.676587571994051618e-01 2.054305791854858398e+00 5.010029315948486328e+00 1.624415755271911621e+00 5.653254985809326172e+00 -2.211151123046875000e-01 2.667388916015625000e-01 3.865509033203125000e-01 5.190983818507761693e-01 3.710416030883789062e+01 -5.920623016357421875e+01 1.143893051147460938e+02 1.340410766601562500e+02 7.015248537063598633e-01 2.179635339416563511e-04 1.879753835964947939e-05 -7.421176433563232422e-01 -9.273491054773330688e-02 -6.638234853744506836e-01
5.224609375000000000e-01 -7.594299316406250000e-02 -1.920471191406250000e-01 2.598724365234375000e-01 3.319384241776753286e-01 2.386944055557250977e+00 7.467226982116699219e+00 2.941895425319671631e-01 7.844968318939208984e+00 -3.653717041015625000e-01 3.741149902343750000e-01 4.607391357421875000e-01 6.969498255115673668e-01 1.401269226074218750e+02 -2.427623748779296875e+02 1.203709335327148438e+02 3.050545654296875000e+02 7.027203440666198730e-01 2.181344898417592049e-04 2.195064553234260529e-05 -7.226945161819458008e-01 -8.922941237688064575e-02 -6.853836774826049805e-01
5.322265625000000000e-01 -7.107543945312500000e-02 -1.429443359375000000e-01 2.653198242187500000e-01 3.096440059060341365e-01 -2.900494337081909180e-01 2.547573328018188477e+00 3.748124465346336365e-02 2.564305782318115234e+00 -2.640228271484375000e-01 3.964233398437500000e-01 5.121612548828125000e-01 6.994059398028188435e-01 7.084847259521484375e+01 3.472898864746093750e+02 3.379975585937500000e+02 4.897674255371093750e+02 7.034369111061096191e-01 2.182431780965998769e-04 3.971673777414252982e-06 -7.105640172958374023e-01 -8.459556102752685547e-02 -6.985287666320800781e-01
5.419921875000000000e-01 -6.599426269531250000e-02 -1.312561035156250000e-01 2.627563476562500000e-01 3.010387112190963665e-01 1.857901960611343384e-01 1.343280971050262451e-01 -9.460737109184265137e-01 9.734565019607543945e-01 -5.705413818359375000e-01 -1.468963623046875000e-01 1.573333740234375000e-01 6.097948837332188843e-01 1.578426513671875000e+02 -3.550508880615234375e+01 -2.436914062500000000e+02 2.925071105957031250e+02 7.043098211288452148e-01 2.183781471103429794e-04 1.548131695017218590e-05 -6.961644887924194336e-01 -8.448115736246109009e-02 -7.128940820693969727e-01
5.517578125000000000e-01 -7.565307617187500000e-02 -1.292877197265625000e-01 2.392120361328125000e-01 2.822429815551977250e-01 -1.842508792877197266e+00 -1.145360231399536133e+00 -2.866327762603759766e+00 3.594791173934936523e+00 -4.565429687500000000e-01 -3.487396240234375000e-01 3.258666992187500000e-01 6.604846049218674464e-01 -5.591994476318359375e+01 -1.211742706298828125e+02 -1.337837677001953125e+02 1.889665069580078125e+02 7.052724361419677734e-01 2.185220655519515276e-04 1.401142708346014842e-05 -6.795867085456848145e-01 -8.164783567190170288e-02 -7.290374040603637695e-01
5.615234375000000000e-01 -7.685852050781250000e-02 -1.436767578125000000e-01 2.010803222656250000e-01 2.588117827932283621e-01 1.508227467536926270e+00 -9.533579945564270020e-01 -3.895556926727294922e+00 4.284740924835205078e+00 4.203338623046875000e-01 -2.026367187500000000e-01 2.464447021484375000e-01 5.277093772170196040e-01 6.631036376953125000e+01 3.500384521484375000e+01 7.866104888916015625e+01 1.086733398437500000e+02 7.059754133224487305e-01 2.186284546041861176e-04 1.304885245190234855e-05 -6.678233146667480469e-01 -7.689693570137023926e-02 -7.403370141983032227e-01
5.712890625000000000e-01 -6.309509277343750000e-02 -1.574249267578125000e-01 1.750793457031250000e-01 2.437547447510010346e-01 9.213702678680419922e-01 -2.713598906993865967e-01 -1.027018308639526367e+00 1.406174182891845703e+00 4.174804687500000000e-01 3.260803222656250000e-02 1.471405029296875000e-01 4.438508230879037453e-01 -1.990815429687500000e+02 1.755545959472656250e+02 -1.998182830810546875e+02 3.322351989746093750e+02 7.069014310836791992e-01 2.187720820074900985e-04 1.773365329427178949e-05 -6.548100113868713379e-01 -7.124386727809906006e-02 -7.524281740188598633e-01
5.810546875000000000e-01 -6.306457519531250000e-02 -1.636352539062500000e-01 1.635437011718750000e-01 2.397919497366908792e-01 -4.942346811294555664e-01 -2.376399517059326172e+00 -1.746394038200378418e+00 2.990223169326782227e+00 -5.243835449218750000e-01 -9.585571289062500000e-02 1.969451904296875000e-01 5.682902673035918895e-01 -1.257698593139648438e+02 1.919121704101562500e+02 8.419497680664062500e+01 2.444118041992187500e+02 7.078772187232971191e-01 2.189168735640123487e-04 9.384134500578511506e-06 -6.398902535438537598e-01 -6.540594249963760376e-02 -7.656778097152709961e-01
5.908203125000000000e-01 -6.163024902343750000e-02 -1.936645507812500000e-01 1.508331298828125000e-01 2.530906535102386279e-01 5.826101303100585938e-01 -2.510275602340698242e+00 -1.333469271659851074e+00 2.901561498641967773e+00 -6.223297119140625000e-01 -4.791564941406250000e-01 7.020568847656250000e-02 7.885518720430780837e-01 1.193341140747070312e+02 -9.247786712646484375e+01 -1.214119033813476562e+02 1.937359924316406250e+02 7.087437510490417480e-01 2.190440718550235033e-04 2.362421219004318118e-05 -6.240624785423278809e-01 -5.975108593702316284e-02 -7.790865302085876465e-01
6.005859375000000000e-01 -3.756713867187500000e-02 -2.439575195312500000e-01 1.444091796875000000e-01 2.859730274376392489e-01 2.506591081619262695e+00 -6.430603504180908203e+00 9.809644222259521484e-01 6.971222877502441406e+00 -4.855194091796875000e-01 -4.761962890625000000e-01 1.206054687500000000e-01 6.906791451169610463e-01 -2.136877822875976562e+01 8.274262237548828125e+01 6.726914978027343750e+01 1.087570953369140625e+02 7.096033096313476562e-01 2.191722742281854153e-04 2.573666461103130132e-05 -6.087467670440673828e-01 -5.519742518663406372e-02 -7.914421558380126953e-01
6.103515625000000000e-01 -1.708984375000000000e-02 -2.902526855468750000e-01 1.712036132812500000e-01 3.374157101071737497e-01 1.485462665557861328e+00 -3.333963394165039062e+00 4.551801681518554688e+00 5.834450244903564453e+00 -3.411407470703125000e-01 -7.803955078125000000e-01 2.493133544921875000e-01 8.874408750185940331e-01 1.227547073364257812e+01 8.973870086669921875e+01 -1.059036865234375000e+02 1.393531951904296875e+02 7.104583978652954102e-01 2.193022519350051880e-04 1.165507819678168744e-05 -5.940886735916137695e-01 -5.377843976020812988e-02 -8.025998473167419434e-01
6.201171875000000000e-01 -1.036071777343750000e-02 -3.069763183593750000e-01 2.081298828125000000e-01 3.710254069815194788e-01 -2.470037043094635010e-01 -1.930536270141601562e+00 5.146354675292968750e+00 5.502085685729980469e+00 -2.881774902343750000e-01 -4.603576660156250000e-01 3.921813964843750000e-01 6.699117063356719859e-01 -8.445420074462890625e+01 -3.888150787353515625e+01 1.003081512451171875e+02 1.367699127197265625e+02 7.114351987838745117e-01 2.194515254814177752e-04 1.459328814235050231e-05 -5.770160555839538574e-01 -5.175246670842170715e-02 -8.150914907455444336e-01
6.347656250000000000e-01 -5.517578125000000000e-02 -3.248596191406250000e-01 2.717742919921875000e-01 4.271292600286177854e-01 -5.266307830810546875e+00 -1.659157156944274902e+00 2.536698102951049805e+00 6.076317787170410156e+00 -2.372741699218750000e-01 4.623413085937500000e-02 4.580078125000000000e-01 5.178878091628260627e-01 -9.264683532714843750e+01 -1.024929351806640625e+02 1.831657409667968750e+01 1.393690643310546875e+02 7.130212187767028809e-01 2.196933783125132322e-04 1.977255124074872583e-05 -5.510383248329162598e-01 -4.716382175683975220e-02 -8.331460356712341309e-01
6.445312500000000000e-01 -1.260223388671875000e-01 -3.555908203125000000e-01 2.646331787109375000e-01 4.608222875021648623e-01 -6.549537181854248047e+00 -3.653632402420043945e+00 -3.142654895782470703e+00 8.131527900695800781e+00 -2.753295898437500000e-01 -8.972015380859375000e-01 -2.540588378906250000e-02 9.388410099257503694e-01 8.517916870117187500e+01 4.189125823974609375e+01 -9.470034027099609375e+01 1.340840148925781250e+02 7.138992547988891602e-01 2.198302390752360225e-04 2.167702223232481629e-05 -5.370625853538513184e-01 -4.513894021511077881e-02 -8.423337936401367188e-01
6.542968750000000000e-01 -1.826019287109375000e-01 -3.788604736328125000e-01 2.298736572265625000e-01 4.792917912263347513e-01 -3.035492658615112305e+00 1.943354964256286621e+00 -3.634624719619750977e+00 5.118724346160888672e+00 -1.662139892578125000e-01 1.957397460937500000e-01 1.762847900390625000e-01 3.114762681569147595e-01 6.057273483276367188e+01 3.880648422241210938e+01 9.932893371582031250e+01 1.226427154541015625e+02 7.149284482002258301e-01 2.199857553932815790e-04 1.311582309426739812e-05 -5.195307731628417969e-01 -4.431419074535369873e-02 -8.533018231391906738e-01
6.640625000000000000e-01 -2.053222656250000000e-01 -3.405609130859375000e-01 1.920013427734375000e-01 4.415919880501836814e-01 -5.333607196807861328e-01 5.327904701232910156e+00 -5.027606010437011719e+00 7.344921112060546875e+00 -2.432098388671875000e-01 2.170562744140625000e-01 3.120727539062500000e-01 4.512802407761135060e-01 2.463640975952148438e+01 7.433860778808593750e+00 1.445195007324218750e+02 1.467927093505859375e+02 7.159177064895629883e-01 2.201375027652829885e-04 1.684307426330633461e-05 -5.031583309173583984e-01 -4.847598820924758911e-02 -8.628335595130920410e-01
6.738281250000000000e-01 -2.050170898437500000e-01 -2.909545898437500000e-01 1.420440673828125000e-01 3.832272140099108881e-01 2.942253828048706055e+00 5.092892646789550781e+00 -5.811657905578613281e+00 8.268602371215820312e+00 -6.682281494140625000e-01 4.690551757812500000e-01 1.556396484375000000e-02 8.165683404334137530e-01 -2.216980934143066406e+01 4.001651000976562500e+01 -3.528762817382812500e+01 5.777575683593750000e+01 7.166600227355957031e-01 2.202509931521490216e-04 1.503299336036434397e-05 -4.910295307636260986e-01 -5.466612800955772400e-02 -8.694260120391845703e-01
6.835937500000000000e-01 -1.706848144531250000e-01 -2.568054199218750000e-01 1.016693115234375000e-01 3.246828891269111228e-01 5.635188579559326172e+00 2.451905488967895508e+00 -1.587284684181213379e+00 6.347177505493164062e+00 4.014892578125000000e-01 -4.611358642578125000e-01 -4.827880859375000000e-02 6.133276064248728288e-01 -1.233686676025390625e+02 3.214922714233398438e+01 2.773449325561523438e+01 1.304706878662109375e+02 7.176966667175292969e-01 2.204152115155011415e-04 1.621909723326098174e-05 -4.763248860836029053e-01 -5.928878113627433777e-02 -8.772681951522827148e-01
6.933593750000000000e-01 -1.230163574218750000e-01 -2.134552001953125000e-01 9.883117675781250000e-02 2.654500860483970937e-01 3.701530694961547852e+00 4.220458030700683594e+00 1.617980301380157471e-01 5.616028308868408203e+00 2.350311279296875000e-01 3.707885742187500000e-02 2.041625976562500000e-02 2.388122618845823497e-01 4.882727050781250000e+01 2.587401199340820312e+01 -2.387478065490722656e+01 6.019611358642578125e+01 7.187005877494812012e-01 2.205721393693238497e-04 1.357230212306603789e-05 -4.643169343471527100e-01 -5.693420395255088806e-02 -8.838372230529785156e-01
7.031250000000000000e-01 -8.250427246093750000e-02 -1.727447509765625000e-01 9.924316406250000000e-02 2.156314206635931985e-01 3.789325714111328125e+00 5.351529121398925781e+00 -1.031825184822082520e+00 6.637960433959960938e+00 7.281494140625000000e-01 -2.949371337890625000e-01 2.022094726562500000e-01 8.112201630378698125e-01 -6.165001296997070312e+01 1.673186492919921875e+02 7.571266174316406250e+01 1.937231597900390625e+02 7.196182012557983398e-01 2.207096549682319164e-04 2.728270192164927721e-05 -4.541911184787750244e-01 -5.491629615426063538e-02 -8.892101049423217773e-01
7.128906250000000000e-01 -5.667114257812500000e-02 -1.112976074218750000e-01 9.745788574218750000e-02 1.584197440733990381e-01 1.305527210235595703e+00 6.145922183990478516e+00 3.005067586898803711e+00 6.964710235595703125e+00 4.873657226562500000e-01 -2.319183349609375000e-01 1.764221191406250000e-01 5.678346817810367986e-01 -2.501437568664550781e+01 -2.890607070922851562e+01 2.709861755371093750e+01 4.685739135742187500e+01 7.207744121551513672e-01 2.208959194831550121e-04 2.323303124285303056e-05 -4.392086267471313477e-01 -5.619941651821136475e-02 -8.966255784034729004e-01
7.226562500000000000e-01 -4.408264160156250000e-02 -5.747985839843750000e-02 1.307220458984375000e-01 1.494505493330467449e-01 -1.926137208938598633e+00 5.157900333404541016e+00 4.185397148132324219e+00 6.916031360626220703e+00 -5.460968017578125000e-01 1.174926757812500000e-03 1.982269287109375000e-01 5.809621438692618156e-01 3.239688110351562500e+01 1.212767257690429688e+02 -2.306021690368652344e+01 1.276298370361328125e+02 7.218738794326782227e-01 2.210659004049375653e-04 2.151298212993424386e-05 -4.217264950275421143e-01 -6.030538305640220642e-02 -9.047154188156127930e-01
7.324218750000000000e-01 -6.593322753906250000e-02 -8.270263671875000000e-03 1.768798828125000000e-01 1.889499423092895758e-01 -1.626291513442993164e+00 6.076580524444580078e+00 6.743849754333496094e+00 9.222209930419921875e+00 -4.822540283203125000e-01 -1.719665527343750000e-01 1.689300537109375000e-01 5.391463680089977339e-01 -5.253328323364257812e+01 -2.160926055908203125e+02 8.144822692871093750e+01 2.368323822021484375e+02 7.230008840560913086e-01 2.212401013821363449e-04 6.744388429069658741e-06 -4.036367237567901611e-01 -6.421036273241043091e-02 -9.126633405685424805e-01
7.421875000000000000e-01 -9.278869628906250000e-02 3.567504882812500000e-02 2.519683837890625000e-01 2.708699276353602192e-01 -2.078599214553833008e+00 2.639255046844482422e+00 8.523942947387695312e+00 9.162087440490722656e+00 -7.224273681640625000e-01 -1.088104248046875000e-01 4.355468750000000000e-01 8.505539907265711186e-01 8.829172515869140625e+01 -3.503085327148437500e+01 1.053664627075195312e+02 1.418614807128906250e+02 7.237062454223632812e-01 2.213546395068988204e-04 8.097327736322768033e-06 -3.964784741401672363e-01 -6.415938585996627808e-02 -9.157993197441101074e-01
7.519531250000000000e-01 -9.352111816406250000e-02 7.641601562500000000e-02 3.262786865234375000e-01 3.479129032762601770e-01 3.323879957199096680e+00 6.161520004272460938e+00 7.988241672515869141e+00 1.062188816070556641e+01 6.040802001953125000e-01 2.784576416015625000e-01 4.433898925781250000e-01 7.994036172514822347e-01 6.178765106201171875e+01 4.849870300292968750e+01 -5.076111221313476562e+01 9.352287292480468750e+01 7.247190475463867188e-01 2.215165150118991733e-04 1.555339440528769046e-05 -3.907365500926971436e-01 -6.093651428818702698e-02 -9.184833765029907227e-01
7.617187500000000000e-01 -5.943298339843750000e-02 1.164398193359375000e-01 4.084930419921875000e-01 4.289021757914685540e-01 4.425359725952148438e+00 1.398033499717712402e+00 9.047532081604003906e+00 1.016838932037353516e+01 2.650909423828125000e-01 3.568878173828125000e-01 5.029144287109375000e-01 6.712414204556539365e-01 -1.237873001098632812e+02 3.681519699096679688e+01 1.342957000732421875e+02 1.863169097900390625e+02 7.257122397422790527e-01 2.216745051555335522e-04 8.695188626006711274e-06 -3.833127617835998535e-01 -5.782478302717208862e-02 -9.218066930770874023e-01
7.714843750000000000e-01 -1.547241210937500000e-02 9.799194335937500000e-02 4.893188476562500000e-01 4.992742244212790004e-01 7.132292270660400391e+00 -3.012597560882568359e+00 4.352368354797363281e+00 8.881916999816894531e+00 -1.455230712890625000e-01 -2.822265625000000000e-01 4.276428222656250000e-01 5.326416997318900171e-01 -1.103392562866210938e+02 1.806948280334472656e+01 -2.351642036437988281e+01 1.142553329467773438e+02 7.265229225158691406e-01 2.218021254520863295e-04 1.320716637565055862e-05 -3.702128529548645020e-01 -5.403609201312065125e-02 -9.273740053176879883e-01
7.812500000000000000e-01 7.151794433593750000e-02 8.798217773437500000e-02 5.375061035156250000e-01 5.493345895512781185e-01 1.312374591827392578e+01 3.642328679561614990e-01 3.483484506607055664e+00 1.358307838439941406e+01 5.038757324218750000e-01 2.056579589843750000e-01 4.326934814453125000e-01 6.952766346588707957e-01 6.656822967529296875e+01 1.091064910888671875e+02 1.394269104003906250e+02 1.891439056396484375e+02 7.275521755218505859e-01 2.219697344116866589e-04 2.794641113723628223e-05 -3.581160902976989746e-01 -4.987692460417747498e-02 -9.323439002037048340e-01
7.910156250000000000e-01 1.981201171875000000e-01 8.357238769531250000e-02 5.561523437500000000e-01 5.962728857478785116e-01 1.126690673828125000e+01 -5.548163056373596191e-01 -2.053480148315429688e-01 1.128242778778076172e+01 9.233093261718750000e-02 -4.791564941406250000e-01 4.401245117187500000e-01 6.571343339156481278e-01 4.391012954711914062e+01 7.078411865234375000e+01 -7.615454864501953125e+01 1.128627777099609375e+02 7.288383841514587402e-01 2.221711911261081696e-04 8.617760613560676575e-06 -3.492365479469299316e-01 -5.006476491689682007e-02 -9.356961846351623535e-01
