0.000000000000000000e+00 0.000000000000000000e+00 5.000000000000000000e+00 0.000000000000000000e+00 5.000000000000000000e+00 6.359997558593750000e+01 0.000000000000000000e+00 0.000000000000000000e+00 6.359997558593750000e+01 -5.673217773437500000e-02 -1.463012695312500000e-01 -6.573486328125000000e-02 1.701284035884214341e-01 4.406077575683593750e+01 -1.133884353637695312e+02 -3.684986114501953125e+01 1.271070480346679688e+02 9.499999880790710449e-01 9.999999747378751636e-05 2.170343650504946709e-03 5.180170536041259766e-01 -1.119183003902435303e-02 8.552970290184020996e-01
1.464843750000000000e-02 3.980712890625000000e-01 5.489410400390625000e+00 -1.026504516601562500e+00 5.598731893714508523e+00 2.255196952819824219e+01 6.761709690093994141e+00 -6.173961639404296875e+01 6.607641601562500000e+01 -2.289276123046875000e-01 -1.446838378906250000e-01 5.010986328125000000e-02 2.754128955229793174e-01 -1.646048583984375000e+02 1.351365509033203125e+02 -4.691557407379150391e+00 2.130226745605468750e+02 9.595280885696411133e-01 1.024167358991689980e-04 2.621602334329509176e-06 5.408246517181396484e-01 -4.377488493919372559e-01 7.182510495185852051e-01
2.441406250000000000e-02 6.115112304687500000e-01 5.351654052734375000e+00 -1.484893798828125000e+00 5.587401603512663684e+00 1.842916488647460938e+01 -3.134642601013183594e+01 -3.741547393798828125e+01 5.217423248291015625e+01 -1.465606689453125000e-01 -2.003784179687500000e-01 -3.727722167968750000e-02 2.510400990390043718e-01 -7.914730834960937500e+01 -2.535022926330566406e+01 -1.532894134521484375e+02 1.743690795898437500e+02 9.595280885696411133e-01 1.024257580866105855e-04 3.624329565354855731e-07 5.409734845161437988e-01 -4.373098313808441162e-01 7.184064388275146484e-01
3.417968750000000000e-02 7.910308837890625000e-01 4.904510498046875000e+00 -1.710266113281250000e+00 5.254042563854833148e+00 1.517226886749267578e+01 -5.864812469482421875e+01 -1.186837005615234375e+01 6.173052978515625000e+01 9.635925292968750000e-02 -4.825286865234375000e-01 1.279144287109375000e-01 5.084104051016725689e-01 1.425700187683105469e+01 -3.114650535583496094e+01 -1.725961303710937500e+02 1.759624633789062500e+02 9.595280885696411133e-01 1.024331140797585249e-04 8.247304208452987950e-07 5.409734845161437988e-01 -4.373098313808441162e-01 7.184064388275146484e-01
4.394531250000000000e-02 8.984375000000000000e-01 4.201461791992187500e+00 -1.697113037109375000e+00 4.619487394906826694e+00 6.450363636016845703e+00 -8.283345031738281250e+01 1.574238681793212891e+01 8.456246185302734375e+01 -4.223632812500000000e-02 -3.081665039062500000e-01 -1.246490478515625000e-01 3.350938475615220513e-01 4.340711975097656250e+01 -1.116308975219726562e+01 -7.247506713867187500e+01 8.521401214599609375e+01 9.595280885696411133e-01 1.024395241984166205e-04 9.928218105414998718e-07 5.409734845161437988e-01 -4.373098313808441162e-01 7.184064388275146484e-01
5.371093750000000000e-02 9.141693115234375000e-01 3.303253173828125000e+00 -1.421371459960937500e+00 3.710456021532704263e+00 -4.066429615020751953e+00 -9.516544342041015625e+01 3.899424743652343750e+01 1.029249725341796875e+02 -5.130767822265625000e-01 -4.635925292968750000e-01 8.065795898437500000e-02 6.961835419107251788e-01 4.791258239746093750e+01 -4.868965530395507812e+01 -1.117901840209960938e+02 1.310089416503906250e+02 9.595280885696411133e-01 1.024480880005285144e-04 1.204014665745489765e-06 5.409734845161437988e-01 -4.373098313808441162e-01 7.184064388275146484e-01
6.347656250000000000e-02 8.153686523437500000e-01 2.348815917968750000e+00 -9.652252197265625000e-01 2.667099919486414006e+00 -1.240680217742919922e+01 -9.448847198486328125e+01 4.478604888916015625e+01 1.052985763549804688e+02 -1.630706787109375000e-01 -5.070343017578125000e-01 1.745300292968750000e-01 5.604788671668596844e-01 -1.193564295768737793e+00 -3.066868286132812500e+02 2.034658660888671875e+02 3.680442810058593750e+02 9.595585465431213379e-01 1.024673983920365572e-04 1.773333565324719530e-06 5.425544381141662598e-01 -4.339707195758819580e-01 7.192385196685791016e-01
7.324218750000000000e-02 7.530364990234375000e-01 1.590881347656250000e+00 -7.130432128906250000e-01 1.899051883080456360e+00 -1.196440458297729492e+00 -6.468292236328125000e+01 1.318630886077880859e+01 6.602416992187500000e+01 1.463470458984375000e-01 -5.635375976562500000e-01 1.722259521484375000e-01 6.071687248276320670e-01 -8.436154937744140625e+01 -1.023573379516601562e+02 1.158894653320312500e+02 1.761370544433593750e+02 9.596602916717529297e-01 1.024992307065986097e-04 6.050334832252701744e-06 5.476011037826538086e-01 -4.233753383159637451e-01 7.217245697975158691e-01
8.300781250000000000e-02 7.277984619140625000e-01 9.081268310546875000e-01 -5.296173095703125000e-01 1.278624040538265616e+00 -5.147401809692382812e+00 -7.477880096435546875e+01 2.585986900329589844e+01 7.929122161865234375e+01 -5.424499511718750000e-02 -3.618316650390625000e-01 1.865081787109375000e-01 4.106701523683879973e-01 9.162896728515625000e+01 2.631651687622070312e+01 5.488750076293945312e+01 1.100048370361328125e+02 9.597973823547363281e-01 1.025373931042850018e-04 2.638833620949299075e-06 5.559959411621093750e-01 -4.108712077140808105e-01 7.225326299667358398e-01
9.277343750000000000e-02 6.503906250000000000e-01 2.437591552734375000e-01 -3.151397705078125000e-01 7.627185364361005471e-01 -6.428454399108886719e+00 -5.902008819580078125e+01 1.860463142395019531e+01 6.221598052978515625e+01 2.914428710937500000e-02 -2.151489257812500000e-02 1.603851318359375000e-01 1.644252735676391963e-01 -4.162102127075195312e+01 9.495426177978515625e+00 -8.280676269531250000e+01 9.316347503662109375e+01 9.599754214286804199e-01 1.025868623401038349e-04 5.551203685172367841e-06 5.664205551147460938e-01 -3.956285119056701660e-01 7.229424715042114258e-01
1.025390625000000000e-01 5.718078613281250000e-01 -3.015441894531250000e-01 -1.393432617187500000e-01 6.612939384691246536e-01 -1.093242931365966797e+01 -5.001178359985351562e+01 1.779818344116210938e+01 5.419844818115234375e+01 -2.737274169921875000e-01 -2.900390625000000000e-01 9.138488769531250000e-02 4.091461282820340606e-01 6.392796707153320312e+01 -3.675875091552734375e+01 9.428389739990234375e+01 1.196972961425781250e+02 9.601971507072448730e-01 1.026470781653188169e-04 9.740954737935680896e-06 5.807170867919921875e-01 -3.985672295093536377e-01 7.098674774169921875e-01
1.123046875000000000e-01 4.943542480468750000e-01 -7.690124511718750000e-01 4.425048828125000000e-04 9.142026407913826924e-01 -1.097268199920654297e+01 -3.962034606933593750e+01 1.277298069000244141e+01 4.305021286010742188e+01 -1.583099365234375000e-01 6.860351562500000000e-02 8.940124511718750000e-02 1.943220548127974900e-01 -1.379484100341796875e+02 1.727292823791503906e+01 -2.388652954101562500e+02 2.763778991699218750e+02 9.604326486587524414e-01 1.027138496283441782e-04 9.878967830445617437e-06 5.921167731285095215e-01 -4.084149897098541260e-01 6.946905255317687988e-01
1.220703125000000000e-01 4.025726318359375000e-01 -1.168701171875000000e+00 1.212310791015625000e-01 1.242024205716394603e+00 -8.703360557556152344e+00 -3.623492431640625000e+01 1.269509601593017578e+01 3.936856460571289062e+01 -4.164581298828125000e-01 1.118469238281250000e-01 2.813568115234375000e-01 5.148871368619913902e-01 1.201204299926757812e+02 -1.020664596557617188e+01 -2.215146942138671875e+02 2.521940765380859375e+02 9.607120156288146973e-01 1.027911494020372629e-04 3.807072516792686656e-06 6.033655405044555664e-01 -4.213662147521972656e-01 6.770528554916381836e-01
1.318359375000000000e-01 3.233489990234375000e-01 -1.509872436523437500e+00 2.251434326171875000e-01 1.560435488891908973e+00 -9.127612113952636719e+00 -2.857110023498535156e+01 6.299122810363769531e+00 3.064800071716308594e+01 -5.298614501953125000e-01 3.234252929687500000e-01 2.312469482421875000e-01 6.624441316868361351e-01 -7.652776336669921875e+01 -2.068474388122558594e+01 5.445637893676757812e+01 9.617616271972656250e+01 9.609501957893371582e-01 1.028588740155100822e-04 1.247377531399251893e-05 6.138315796852111816e-01 -4.310972988605499268e-01 6.613364815711975098e-01
1.416015625000000000e-01 2.467041015625000000e-01 -1.792358398437500000e+00 2.872772216796875000e-01 1.831922417645791112e+00 -9.967916488647460938e+00 -2.259184074401855469e+01 5.864151000976562500e+00 2.537989044189453125e+01 1.622161865234375000e-01 2.474822998046875000e-01 2.878875732421875000e-01 4.128448070572037221e-01 1.421199188232421875e+02 -2.685005798339843750e+02 2.183654327392578125e+02 3.741311035156250000e+02 9.611614346504211426e-01 1.029179329634644091e-04 1.042590156430378556e-05 6.243745088577270508e-01 -4.368814527988433838e-01 6.475268602371215820e-01
1.513671875000000000e-01 1.416931152343750000e-01 -2.019393920898437500e+00 3.335876464843750000e-01 2.051660172775543245e+00 -1.148034954071044922e+01 -1.816180801391601562e+01 2.401822805404663086e+00 2.161986160278320312e+01 -2.957458496093750000e-01 2.502593994140625000e-01 4.017639160156250000e-02 3.894990590468485614e-01 7.954481506347656250e+01 7.145734405517578125e+01 -2.756292419433593750e+02 2.956433715820312500e+02 9.613500237464904785e-01 1.029722043313086033e-04 6.214026598172495142e-06 6.297041773796081543e-01 -4.383891522884368896e-01 6.413170695304870605e-01
1.611328125000000000e-01 1.962280273437500000e-02 -2.187301635742187500e+00 3.557281494140625000e-01 2.216126353887150291e+00 -1.306574153900146484e+01 -1.282661151885986328e+01 2.506838142871856689e-01 1.831115531921386719e+01 -3.437957763671875000e-01 3.052520751953125000e-01 3.945770263671875000e-01 6.058592204429459338e-01 1.127007064819335938e+02 -6.719675540924072266e+00 5.832289505004882812e+01 1.270754241943359375e+02 9.615277647972106934e-01 1.030227722367271781e-04 1.403710757585940883e-05 6.305833458900451660e-01 -4.321046173572540283e-01 6.447094082832336426e-01
1.708984375000000000e-01 -8.207702636718750000e-02 -2.313186645507812500e+00 3.843231201171875000e-01 2.346331893801381074e+00 -6.282706737518310547e+00 -9.234601974487304688e+00 1.698253631591796875e+00 1.129753684997558594e+01 -2.494354248046875000e-01 5.177001953125000000e-01 -9.088134765625000000e-02 5.817997445220406405e-01 -4.399067687988281250e+01 -2.140757141113281250e+02 -1.537560272216796875e+02 2.672162170410156250e+02 9.617409706115722656e-01 1.030829880619421601e-04 7.612127319589490071e-06 6.309388875961303711e-01 -4.227708876132965088e-01 6.505235433578491211e-01
1.806640625000000000e-01 -5.613708496093750000e-02 -2.075775146484375000e+00 6.231689453125000000e-01 2.168025222517495187e+00 -5.743402004241943359e+00 7.072368621826171875e+00 -5.789225101470947266e+00 1.079445171356201172e+01 1.498260498046875000e-01 7.550048828125000000e-02 2.208557128906250000e-01 2.773543128332603414e-01 5.370962142944335938e+01 -6.076362991333007812e+01 2.992558288574218750e+01 8.644352722167968750e+01 9.623104333877563477e-01 1.032520158332772553e-04 6.732945621479302645e-06 6.487079858779907227e-01 -4.089589118957519531e-01 6.418181657791137695e-01
1.904296875000000000e-01 -7.440185546875000000e-02 -1.985961914062500000e+00 5.704040527343750000e-01 2.067593079786199439e+00 1.880340695381164551e+00 1.060686874389648438e+01 -1.133052825927734375e+01 1.563400840759277344e+01 -2.522277832031250000e-02 2.768554687500000000e-01 -5.737304687500000000e-03 2.780612446711246966e-01 1.717781829833984375e+02 2.968988037109375000e+02 -2.671004028320312500e+02 4.347404479980468750e+02 9.625338912010192871e-01 1.033168155117891729e-04 7.936086149129550904e-06 6.599499583244323730e-01 -3.903132677078247070e-01 6.419669985771179199e-01
2.001953125000000000e-01 -6.983947753906250000e-02 -1.878890991210937500e+00 5.009307861328125000e-01 1.945775054309255347e+00 3.183100700378417969e+00 1.110888004302978516e+01 -1.010070610046386719e+01 1.534808158874511719e+01 1.446533203125000000e-01 6.645202636718750000e-02 2.349700927734375000e-01 2.838157842398726372e-01 -1.548123474121093750e+02 -1.054423065185546875e+02 -1.439430999755859375e+02 2.362298889160156250e+02 9.627462625503540039e-01 1.033793669193983078e-04 8.500662261212710291e-06 6.703270077705383301e-01 -3.710633218288421631e-01 6.426302790641784668e-01
2.148437500000000000e-01 5.647277832031250000e-02 -6.174621582031250000e-01 5.187530517578125000e-01 8.084265088504457575e-01 3.752779245376586914e+00 3.938808059692382812e+01 -1.701169204711914062e+01 4.306857299804687500e+01 3.434143066406250000e-01 2.108917236328125000e-01 4.242095947265625000e-01 5.851174970553812971e-01 3.033574104309082031e+01 -2.529648399353027344e+01 7.528356933593750000e+01 8.501638031005859375e+01 9.638726711273193359e-01 1.037149850162677467e-04 3.163431301800301298e-06 6.947539448738098145e-01 -3.375900089740753174e-01 6.350983381271362305e-01
2.246093750000000000e-01 5.848693847656250000e-02 -5.877685546875000000e-02 3.052978515625000000e-01 3.163577387702627419e-01 1.788901214599609375e+02 8.269786071777343750e+01 7.882635498046875000e+01 2.122597656250000000e+02 2.969665527343750000e-01 -4.223022460937500000e-01 9.031677246093750000e-02 5.241044169691048138e-01 6.514222717285156250e+01 4.069706344604492188e+01 6.560974884033203125e+01 1.010168304443359375e+02 6.344417333602905273e-01 2.146290062228217721e-04 3.277898940723389387e-06 -9.524570703506469727e-01 -3.045496642589569092e-01 -8.660445921123027802e-03
2.343750000000000000e-01 4.749145507812500000e-01 3.385314941406250000e-01 4.310150146484375000e-01 7.252043476987940496e-01 -2.157756388187408447e-01 2.312969398498535156e+01 -4.967855930328369141e+00 2.365816688537597656e+01 -5.157470703125000000e-03 -2.763214111328125000e-01 3.201751708984375000e-01 4.229565720193103062e-01 -1.972415313720703125e+02 -3.045289039611816406e+01 4.262171630859375000e+02 4.706300659179687500e+02 6.352255344390869141e-01 2.147343329852446914e-04 4.688747139880433679e-06 -9.536550641059875488e-01 -2.991522252559661865e-01 -3.240254893898963928e-02
2.441406250000000000e-01 4.847717285156250000e-01 5.708923339843750000e-01 4.101409912109375000e-01 8.538953790960835954e-01 8.271855115890502930e-01 1.856096649169921875e+01 -2.488282918930053711e+00 1.874527359008789062e+01 8.039855957031250000e-02 1.689758300781250000e-01 3.154907226562500000e-01 3.668121530344043979e-01 -6.044310379028320312e+01 -1.095983657836914062e+02 -9.367765808105468750e+01 1.563351440429687500e+02 6.357833743095397949e-01 2.148153580492362380e-04 1.925080323417205364e-05 -9.543018341064453125e-01 -2.948442697525024414e-01 -4.873238503932952881e-02
2.539062500000000000e-01 5.009002685546875000e-01 7.511901855468750000e-01 3.915405273437500000e-01 9.841197886704282638e-01 1.264337182044982910e+00 1.243601226806640625e+01 -2.780719041824340820e+00 1.280567550659179688e+01 -9.326171875000000000e-02 -5.966186523437500000e-02 3.327178955078125000e-01 3.506543659197707274e-01 -4.201779174804687500e+01 1.860290832519531250e+02 1.118348312377929688e+01 1.910428924560546875e+02 6.363918185234069824e-01 2.148975763702765107e-04 1.686798168520908803e-05 -9.566577076911926270e-01 -2.835875153541564941e-01 -6.621271371841430664e-02
2.636718750000000000e-01 5.128936767578125000e-01 8.933410644531250000e-01 3.730773925781250000e-01 1.095584283361751288e+00 -1.732880353927612305e+00 1.099011707305908203e+01 -5.187202095985412598e-01 1.113798141479492188e+01 -2.546539306640625000e-01 2.410125732421875000e-01 4.039306640625000000e-01 5.348791136634989396e-01 -1.529989719390869141e+01 4.434870529174804688e+01 7.936670684814453125e+01 9.219527435302734375e+01 6.372036933898925781e-01 2.150018844986334443e-04 7.469708634744165465e-06 -9.553243517875671387e-01 -2.807651460170745850e-01 -9.233804047107696533e-02
2.734375000000000000e-01 5.070800781250000000e-01 1.001937866210937500e+00 3.716125488281250000e-01 1.182837934725259998e+00 -3.376570701599121094e+00 9.031327247619628906e+00 -6.767785549163818359e-01 9.665616035461425781e+00 -1.252136230468750000e-01 1.720123291015625000e-01 5.210418701171875000e-01 5.628066481258774401e-01 -2.484505157470703125e+02 -1.240007209777832031e+01 1.250232391357421875e+02 2.784101867675781250e+02 6.379433274269104004e-01 2.150997024727985263e-04 8.138740668073296547e-06 -9.517706632614135742e-01 -2.835806012153625488e-01 -1.171097233891487122e-01
2.832031250000000000e-01 4.761962890625000000e-01 1.118774414062500000e+00 3.717498779296875000e-01 1.271462570042281692e+00 -6.409700393676757812e+00 8.157979965209960938e+00 -5.689183473587036133e-01 1.039040756225585938e+01 -1.923370361328125000e-01 1.667175292968750000e-01 2.536010742187500000e-01 3.593073543473792042e-01 6.876712036132812500e+01 5.824859237670898438e+01 -8.670418548583984375e+01 1.250577163696289062e+02 6.387719511985778809e-01 2.152030065190047026e-04 5.074365162727190182e-06 -9.457362294197082520e-01 -2.935101389884948730e-01 -1.394086033105850220e-01
2.929687500000000000e-01 4.183197021484375000e-01 1.212158203125000000e+00 3.697204589843750000e-01 1.334545653172046098e+00 -6.075762748718261719e+00 4.896219253540039062e+00 8.872286081314086914e-01 7.853344917297363281e+00 -2.017669677734375000e-01 3.016815185546875000e-01 2.971801757812500000e-01 4.690817677114772488e-01 6.562939453125000000e+01 -4.966841888427734375e+01 1.546233215332031250e+02 1.751643218994140625e+02 6.393613219261169434e-01 2.152910165023058653e-04 1.844189318944700062e-05 -9.414120316505432129e-01 -2.985690534114837646e-01 -1.568434238433837891e-01
3.027343750000000000e-01 3.617248535156250000e-01 1.239074707031250000e+00 3.791656494140625000e-01 1.345331776533605250e+00 -7.841855049133300781e+00 8.082063794136047363e-01 3.747300863265991211e+00 8.728696823120117188e+00 9.860229492187500000e-02 3.392181396484375000e-01 3.509368896484375000e-01 4.979438315176992758e-01 -1.511342163085937500e+02 6.750102519989013672e+00 -1.544986419677734375e+02 2.162335510253906250e+02 6.403373479843139648e-01 2.154160174541175365e-04 1.770594462868757546e-05 -9.344410300254821777e-01 -3.036493062973022461e-01 -1.860566735267639160e-01
3.125000000000000000e-01 2.680358886718750000e-01 1.275711059570312500e+00 4.141693115234375000e-01 1.367778550692300366e+00 -1.014285469055175781e+01 5.800759792327880859e-01 3.770172834396362305e+00 1.083642864227294922e+01 4.579162597656250000e-02 5.958709716796875000e-01 3.036346435546875000e-01 6.703380376098722060e-01 2.285333557128906250e+02 9.436360931396484375e+01 1.866949005126953125e+02 3.098176269531250000e+02 6.413274407386779785e-01 2.155394759029150009e-04 2.466102705511730164e-05 -9.281489849090576172e-01 -3.031674027442932129e-01 -2.159375101327896118e-01
3.222656250000000000e-01 1.709747314453125000e-01 1.269104003906250000e+00 4.585113525390625000e-01 1.360180132162969180e+00 -1.057029247283935547e+01 -2.421890735626220703e+00 3.236542463302612305e+00 1.131688404083251953e+01 -9.362792968750000000e-02 3.405609130859375000e-01 3.734893798828125000e-01 5.140449801571286281e-01 4.577601432800292969e+00 -4.374578857421875000e+01 -3.351954650878906250e+01 5.530107116699218750e+01 6.424711942672729492e-01 2.156844275305047631e-04 6.964408385101705790e-06 -9.195463657379150391e-01 -3.014818131923675537e-01 -2.520778477191925049e-01
3.320312500000000000e-01 6.762695312500000000e-02 1.283782958984375000e+00 4.933013916015625000e-01 1.376959822770325692e+00 -1.339921283721923828e+01 -1.512552142143249512e+00 4.555342674255371094e+00 1.423298549652099609e+01 -3.575134277343750000e-01 2.322540283203125000e-01 4.818878173828125000e-01 6.434078436134933465e-01 7.726970672607421875e+01 -5.214543914794921875e+01 -5.349936676025390625e+01 1.074799346923828125e+02 6.429700255393981934e-01 2.157599374186247587e-04 1.688178599579259753e-05 -9.167537689208984375e-01 -2.960743308067321777e-01 -2.681465148925781250e-01
3.417968750000000000e-01 -6.150817871093750000e-02 1.264038085937500000e+00 5.389099121093750000e-01 1.375499702696663551e+00 -1.347422027587890625e+01 -7.237228393554687500e+00 5.085201740264892578e+00 1.611804389953613281e+01 2.053833007812500000e-02 6.652679443359375000e-01 5.149536132812500000e-01 8.415346009492284951e-01 9.936842346191406250e+01 -1.491841602325439453e+01 -7.668205261230468750e+01 1.263992919921875000e+02 6.436024308204650879e-01 2.158478746423497796e-04 5.738138042943319306e-06 -9.116671681404113770e-01 -2.929531633853912354e-01 -2.881691455841064453e-01
3.515625000000000000e-01 -1.815643310546875000e-01 1.191055297851562500e+00 5.688781738281250000e-01 1.332366580753822749e+00 -1.101460933685302734e+01 -1.086348819732666016e+01 1.567232728004455566e+00 1.554970169067382812e+01 -1.199798583984375000e-01 4.718627929687500000e-01 4.277801513671875000e-01 6.481091881105469632e-01 2.918502807617187500e+01 -1.455866546630859375e+02 4.339537048339843750e+01 1.546945343017578125e+02 6.443851590156555176e-01 2.159501018468290567e-04 4.054820692545035854e-06 -9.035490155220031738e-01 -2.955849468708038330e-01 -3.102074861526489258e-01
3.613281250000000000e-01 -2.925109863281250000e-01 1.099395751953125000e+00 5.867004394531250000e-01 1.280019961637208104e+00 -1.278539657592773438e+01 -1.424618816375732422e+01 1.275027871131896973e+00 1.918452262878417969e+01 -9.053039550781250000e-02 4.409332275390625000e-01 6.865081787109375000e-01 8.209210334105371265e-01 -6.624958992004394531e+00 4.779663848876953125e+01 -3.575618362426757812e+01 6.005758285522460938e+01 6.450059413909912109e-01 2.160409349016845226e-04 1.566251739859580994e-05 -8.966981172561645508e-01 -3.000167608261108398e-01 -3.254573345184326172e-01
3.710937500000000000e-01 -3.834228515625000000e-01 9.669952392578125000e-01 5.887451171875000000e-01 1.195288119601176424e+00 -6.692763805389404297e+00 -1.756806564331054688e+01 -1.158226609230041504e+00 1.883537864685058594e+01 -5.581665039062500000e-02 7.781982421875000000e-03 6.600799560546875000e-01 6.624814005663870464e-01 -2.250680541992187500e+02 1.110629558563232422e+01 -1.018691253662109375e+02 2.472979888916015625e+02 6.457432508468627930e-01 2.161385491490364075e-04 1.075652107829228044e-05 -8.872920870780944824e-01 -3.082359135150909424e-01 -3.430792391300201416e-01
3.808593750000000000e-01 -4.443664550781250000e-01 7.905273437500000000e-01 5.957794189453125000e-01 1.085056746743664258e+00 -4.293559551239013672e+00 -2.134871292114257812e+01 1.565056294202804565e-02 2.177618980407714844e+01 -1.110687255859375000e-01 7.752990722656250000e-02 5.209045410156250000e-01 5.382273582497851816e-01 7.457939910888671875e+01 8.433908081054687500e+01 8.991871833801269531e+00 1.129425582885742188e+02 6.467989683151245117e-01 2.162832097383216023e-04 1.584285928402096033e-05 -8.716389536857604980e-01 -3.246130347251892090e-01 -3.672491014003753662e-01
3.906250000000000000e-01 -4.796752929687500000e-01 6.158599853515625000e-01 5.933837890625000000e-01 9.805489428702947041e-01 4.559181332588195801e-01 -1.925703430175781250e+01 -2.345409393310546875e+00 1.940469551086425781e+01 3.333740234375000000e-01 -7.217407226562500000e-02 5.305328369140625000e-01 6.307237329087860278e-01 7.713533020019531250e+01 -2.811312675476074219e+01 -1.887733764648437500e+02 2.058533325195312500e+02 6.473805904388427734e-01 2.163641620427370071e-04 9.434240382688585669e-06 -8.635532259941101074e-01 -3.348848521709442139e-01 -3.769986033439636230e-01
4.003906250000000000e-01 -4.789276123046875000e-01 4.538116455078125000e-01 5.797576904296875000e-01 8.783140936127251663e-01 3.310688257217407227e+00 -1.724679565429687500e+01 -2.187441825866699219e+00 1.769738769531250000e+01 3.654632568359375000e-01 3.541107177734375000e-01 6.507720947265625000e-01 8.261126508012981429e-01 1.204488067626953125e+02 -1.163117675781250000e+02 1.597363433837890625e+02 2.314131469726562500e+02 6.479926705360412598e-01 2.164575271308422089e-04 2.502168899809475988e-05 -8.561695218086242676e-01 -3.360700309276580811e-01 -3.924673795700073242e-01
4.101562500000000000e-01 -4.629058837890625000e-01 2.962799072265625000e-01 5.440673828125000000e-01 7.733517684166480999e-01 2.437355041503906250e+00 -1.590396213531494141e+01 -3.826193332672119141e+00 1.653833389282226562e+01 1.311035156250000000e-01 -2.255249023437500000e-02 3.869934082031250000e-01 4.092195555171780352e-01 2.211018180847167969e+01 5.125119018554687500e+01 7.995451354980468750e+01 9.751035308837890625e+01 6.489929556846618652e-01 2.165825135307386518e-04 1.805589636205695570e-05 -8.442187309265136719e-01 -3.386086523532867432e-01 -4.154984354972839355e-01
4.248046875000000000e-01 -4.147796630859375000e-01 1.072845458984375000e-01 5.045013427734375000e-01 6.618713980514033812e-01 4.468052864074707031e+00 -1.098565006256103516e+01 -3.032284736633300781e+00 1.224102783203125000e+01 1.053009033203125000e-01 1.752319335937500000e-01 3.777008056640625000e-01 4.294792304528358695e-01 2.449551963806152344e+01 9.253905487060546875e+01 -1.114953536987304688e+02 1.469514160156250000e+02 6.506715416908264160e-01 2.168001083191484213e-04 1.700612665445078164e-05 -8.256728053092956543e-01 -3.376753330230712891e-01 -4.519289433956146240e-01
4.345703125000000000e-01 -3.930358886718750000e-01 1.451110839843750000e-02 4.818572998046875000e-01 6.219921538300191566e-01 -1.142404317855834961e+00 -9.849655151367187500e+00 -1.746490478515625000e+00 1.006831741333007812e+01 3.163146972656250000e-01 1.428985595703125000e-01 5.104675292968750000e-01 6.172941636691294809e-01 -7.667170715332031250e+01 -4.496986770629882812e+01 9.041165924072265625e+01 1.267876434326171875e+02 6.518656611442565918e-01 2.169576910091564059e-04 1.921158946061041206e-05 -8.124463558197021484e-01 -3.329426646232604980e-01 -4.786230921745300293e-01
4.443359375000000000e-01 -3.919525146484375000e-01 -8.798217773437500000e-02 4.576568603515625000e-01 6.089478131703621733e-01 1.443715691566467285e+00 -1.130973339080810547e+01 -3.339858055114746094e+00 1.188061618804931641e+01 2.217102050781250000e-02 1.552734375000000000e-01 1.574401855468750000e-01 2.222359254676405382e-01 1.853760986328125000e+02 -8.944657897949218750e+01 4.885121536254882812e+01 2.115453338623046875e+02 6.530267596244812012e-01 2.171071973862126470e-04 1.156036614702316001e-05 -7.991230487823486328e-01 -3.252689540386199951e-01 -5.055713653564453125e-01
4.541015625000000000e-01 -3.713073730468750000e-01 -1.866912841796875000e-01 4.290771484375000000e-01 5.973524924020058302e-01 3.529563426971435547e+00 -8.422470092773437500e+00 -4.019721984863281250e+00 9.977674484252929688e+00 4.676818847656250000e-02 4.214477539062500000e-02 3.545379638671875000e-01 3.600841753940273726e-01 -3.744651412963867188e+01 -5.049417495727539062e+01 -5.044706344604492188e+01 8.060279083251953125e+01 6.540912389755249023e-01 2.172495005652308464e-04 6.952955573069630191e-06 -7.885154485702514648e-01 -3.150576353073120117e-01 -5.281875729560852051e-01
4.638671875000000000e-01 -3.288269042968750000e-01 -2.497711181640625000e-01 3.892822265625000000e-01 5.674974857881308621e-01 7.018831253051757812e+00 -1.966671466827392578e+00 -3.209434270858764648e+00 7.964437007904052734e+00 -2.381896972656250000e-02 9.683227539062500000e-02 4.619903564453125000e-01 4.726297941567243477e-01 2.281972808837890625e+02 -2.835674858093261719e+01 1.211024951934814453e+01 2.302710571289062500e+02 6.551498174667358398e-01 2.173894608858972788e-04 1.796443029888905585e-05 -7.801861763000488281e-01 -3.019331991672515869e-01 -5.478556752204895020e-01
4.736328125000000000e-01 -2.650451660156250000e-01 -2.812805175781250000e-01 3.467559814453125000e-01 5.192373063112568632e-01 5.777717590332031250e+00 -3.821854352951049805e+00 -2.745306491851806641e+00 7.451529979705810547e+00 2.354278564453125000e-01 -2.315063476562500000e-01 5.188446044921875000e-01 6.149969009728631919e-01 -6.523919677734375000e+01 4.704249572753906250e+01 -7.530787658691406250e+01 1.101836013793945312e+02 6.561389565467834473e-01 2.175212139263749123e-04 1.766481909726280719e-05 -7.706980705261230469e-01 -2.916116416454315186e-01 -5.665572285652160645e-01
4.833984375000000000e-01 -2.182159423828125000e-01 -3.246765136718750000e-01 3.092803955078125000e-01 4.986856716265378187e-01 4.821763515472412109e+00 -2.942054986953735352e+00 -3.514570713043212891e+00 6.652616024017333984e+00 -1.087799072265625000e-01 -1.634216308593750000e-02 1.048278808593750000e-01 1.519507127854760609e-01 8.379351043701171875e+01 1.214673767089843750e+02 -2.958995056152343750e+01 1.505032958984375000e+02 6.573253870010375977e-01 2.176779817091301084e-04 1.776085082383360714e-05 -7.567856311798095703e-01 -2.814209163188934326e-01 -5.899811983108520508e-01
4.931640625000000000e-01 -1.684875488281250000e-01 -3.385009765625000000e-01 2.770690917968750000e-01 4.687624631655366580e-01 4.126233100891113281e+00 1.813786983489990234e+00 -2.434705495834350586e+00 5.122832298278808594e+00 -1.295471191406250000e-02 4.842987060546875000e-01 4.426574707031250000e-01 6.562459124568388313e-01 5.193095397949218750e+01 1.144962310791015625e+02 -1.078156661987304688e+02 1.656213378906250000e+02 6.583204865455627441e-01 2.178126596845686436e-04 9.110595783567987382e-06 -7.438943982124328613e-01 -2.731016576290130615e-01 -6.099480390548706055e-01
5.029296875000000000e-01 -1.306915283203125000e-01 -2.894897460937500000e-01 2.681579589843750000e-01 4.156841103948870630e-01 4.108444690704345703e+00 6.030025005340576172e+00 -2.807974517345428467e-01 7.302011013031005859e+00 -4.569702148437500000e-01 4.210815429687500000e-01 2.789611816406250000e-01 6.811393278512261062e-01 3.564477920532226562e+01 -5.198570728302001953e+00 8.863330841064453125e+01 9.567360687255859375e+01 6.593260169029235840e-01 2.179425064241513610e-04 1.768192851159255952e-05 -7.297958135604858398e-01 -2.659604549407958984e-01 -6.298120021820068359e-01
5.126953125000000000e-01 -9.211730957031250000e-02 -2.424621582031250000e-01 2.767791748046875000e-01 3.793154472052960857e-01 2.888333797454833984e+00 5.646472454071044922e+00 1.891815662384033203e+00 6.618465900421142578e+00 -1.529846191406250000e-01 2.599487304687500000e-01 5.323944091796875000e-01 6.118998636147138237e-01 3.507518386840820312e+01 -5.727938842773437500e+01 1.107640457153320312e+02 1.295371398925781250e+02 6.604955792427062988e-01 2.181009476771578193e-04 1.616526242287363857e-05 -7.113826870918273926e-01 -2.575602829456329346e-01 -6.539093255996704102e-01
5.224609375000000000e-01 -6.610107421875000000e-02 -1.778717041015625000e-01 2.914428710937500000e-01 3.477738377800070890e-01 1.061023116111755371e+00 6.217764854431152344e+00 3.550206422805786133e-01 6.317626953125000000e+00 -5.257873535156250000e-01 6.264801025390625000e-01 5.765228271484375000e-01 1.000653901315307959e+00 1.434607086181640625e+02 -2.392047271728515625e+02 1.171329650878906250e+02 3.025227355957031250e+02 6.611779928207397461e-01 2.182027383241802454e-04 1.210793561767786741e-05 -7.018856406211853027e-01 -2.523099482059478760e-01 -6.661053299903869629e-01
5.322265625000000000e-01 -7.284545898437500000e-02 -1.318206787109375000e-01 2.925567626953125000e-01 3.290480384825563154e-01 -2.015541553497314453e+00 4.166914463043212891e+00 3.841981887817382812e-01 4.644695281982421875e+00 -2.790985107421875000e-01 3.563232421875000000e-01 4.875793457031250000e-01 6.652787761365953623e-01 7.049319458007812500e+01 3.476317138671875000e+02 3.389820861816406250e+02 4.906383056640625000e+02 6.619780063629150391e-01 2.183083124691620469e-04 1.715837970550637692e-05 -6.906545758247375488e-01 -2.482424676418304443e-01 -6.792436242103576660e-01
5.419921875000000000e-01 -8.183288574218750000e-02 -1.072998046875000000e-01 2.905426025390625000e-01 3.203511716305111334e-01 4.636936783790588379e-01 3.698340654373168945e-01 -9.047122597694396973e-01 1.081800937652587891e+00 -5.379180908203125000e-01 -1.393585205078125000e-01 1.849670410156250000e-01 5.856530337426523181e-01 1.594717712402343750e+02 -3.592441558837890625e+01 -2.424866638183593750e+02 2.924407653808593750e+02 6.628016829490661621e-01 2.184210752602666616e-04 1.564835474709980190e-05 -6.789100766181945801e-01 -2.446687072515487671e-01 -6.922559738159179688e-01
5.517578125000000000e-01 -8.349609375000000000e-02 -1.106414794921875000e-01 2.650299072265625000e-01 2.990885928621305201e-01 -1.011849045753479004e+00 -1.787847399711608887e+00 -3.107961893081665039e+00 3.725542068481445312e+00 -4.453277587890625000e-01 -2.734832763671875000e-01 2.968902587890625000e-01 6.010438760726686258e-01 -5.951802444458007812e+01 -1.191442337036132812e+02 -1.337147674560546875e+02 1.887256774902343750e+02 6.640986800193786621e-01 2.185948687838390470e-04 1.430703832738799974e-05 -6.602221131324768066e-01 -2.373552024364471436e-01 -7.125793099403381348e-01
5.615234375000000000e-01 -8.573913574218750000e-02 -1.312408447265625000e-01 2.266845703125000000e-01 2.756106912659987973e-01 1.370417475700378418e+00 -1.478530645370483398e+00 -3.852519989013671875e+00 4.348104000091552734e+00 1.864471435546875000e-01 -4.163208007812500000e-01 1.588134765625000000e-01 4.830189094028423669e-01 7.719954681396484375e+01 4.613717269897460938e+01 7.512143707275390625e+01 1.171820755004882812e+02 6.649813055992126465e-01 2.187172794947400689e-04 8.406616871070582420e-06 -6.472575068473815918e-01 -2.283182442188262939e-01 -7.272747159004211426e-01
5.712890625000000000e-01 -7.098388671875000000e-02 -1.487731933593750000e-01 2.037506103515625000e-01 2.620810684782106659e-01 1.151149392127990723e+00 1.692333817481994629e-01 -1.028696060180664062e+00 1.553061604499816895e+00 6.460571289062500000e-01 -1.799011230468750000e-02 1.856079101562500000e-01 6.724312264193957889e-01 1.043875885009765625e+01 5.596889257431030273e-01 -7.735208129882812500e+01 7.805526733398437500e+01 6.661892533302307129e-01 2.188785729231312871e-04 2.424122067168354988e-05 -6.325064897537231445e-01 -2.147436290979385376e-01 -7.441912889480590820e-01
5.810546875000000000e-01 -6.924438476562500000e-02 -1.524353027343750000e-01 1.920013427734375000e-01 2.547465838202614963e-01 -1.132375240325927734e+00 -2.361876010894775391e+00 -1.620181679725646973e+00 3.079889774322509766e+00 -4.344177246093750000e-01 -3.448791503906250000e-01 1.799316406250000000e-01 5.831258724554675421e-01 1.997603759765625000e+02 5.412895965576171875e+01 -2.086036834716796875e+02 2.938531188964843750e+02 6.671389937400817871e-01 2.190082304878160357e-04 1.982427238544914871e-05 -6.184414625167846680e-01 -2.055373936891555786e-01 -7.584751248359680176e-01
5.908203125000000000e-01 -6.843566894531250000e-02 -1.841125488281250000e-01 1.779937744140625000e-01 2.650710379316180698e-01 1.190011024475097656e+00 -2.849175453186035156e+00 -1.272694230079650879e+00 3.339712142944335938e+00 5.767211914062500000e-01 7.522583007812500000e-02 1.465911865234375000e-01 5.997959937298152910e-01 1.477337799072265625e+02 -6.987788391113281250e+01 -1.926126403808593750e+02 2.526020965576171875e+02 6.681489944458007812e-01 2.191496314480900764e-04 6.035976639395812526e-06 -6.035396456718444824e-01 -1.954916268587112427e-01 -7.729960680007934570e-01
6.005859375000000000e-01 -4.450988769531250000e-02 -2.352905273437500000e-01 1.702423095703125000e-01 2.938115149686673089e-01 3.147057056427001953e+00 -6.137899398803710938e+00 3.144928216934204102e-01 6.904830455780029297e+00 -4.536437988281250000e-01 -5.486602783203125000e-01 6.272888183593750000e-02 7.146717497131966912e-01 -2.894966125488281250e+01 8.102015686035156250e+01 6.679152679443359375e+01 1.089194946289062500e+02 6.691891551017761230e-01 2.192952670156955719e-04 3.949545134673826396e-05 -5.875233411788940430e-01 -1.887333542108535767e-01 -7.868901491165161133e-01
6.103515625000000000e-01 -2.313232421875000000e-02 -2.886199951171875000e-01 2.010345458984375000e-01 3.524932547578714659e-01 1.651658296585083008e+00 -3.815558910369873047e+00 5.445930957794189453e+00 6.851614952087402344e+00 -3.473205566406250000e-01 -5.509338378906250000e-01 4.362792968750000000e-01 7.839000495470015428e-01 -5.798465728759765625e+01 -6.095113372802734375e+01 7.698279571533203125e+01 1.140333786010742188e+02 6.703909039497375488e-01 2.194559783674776554e-04 2.468309685355052352e-05 -5.679786801338195801e-01 -1.828132867813110352e-01 -8.024833202362060547e-01
6.201171875000000000e-01 -2.008056640625000000e-02 -3.102569580078125000e-01 2.431335449218750000e-01 3.946853554487862459e-01 2.211594730615615845e-01 -1.231978654861450195e+00 4.814148902893066406e+00 4.974204540252685547e+00 -5.478210449218750000e-01 -3.923339843750000000e-01 3.177947998046875000e-01 7.450016022383838532e-01 -6.689153289794921875e+01 -9.735841369628906250e+01 -3.737973403930664062e+01 1.238966598510742188e+02 6.714435815811157227e-01 2.195997512899339199e-04 1.791834438336081803e-05 -5.502017736434936523e-01 -1.768897622823715210e-01 -8.160808682441711426e-01
6.347656250000000000e-01 -5.499267578125000000e-02 -3.143920898437500000e-01 2.938690185546875000e-01 4.338497212309782025e-01 -5.840356826782226562e+00 -8.762888908386230469e-01 1.704829335212707520e+00 6.146876811981201172e+00 -2.128753662109375000e-01 -9.018402099609375000e-01 3.300018310546875000e-01 9.836324996365639617e-01 -2.375589752197265625e+02 -2.127887573242187500e+02 -1.932846069335937500e+01 3.195104064941406250e+02 6.729067564010620117e-01 2.198029687860980630e-04 1.523858009022660553e-05 -5.250087976455688477e-01 -1.682484298944473267e-01 -8.343010544776916504e-01
6.445312500000000000e-01 -1.218261718750000000e-01 -3.370208740234375000e-01 2.888183593750000000e-01 4.602615890917961528e-01 -6.844391345977783203e+00 -2.937974691390991211e+00 -2.693554639816284180e+00 7.920392990112304688e+00 -4.544067382812500000e-02 -1.045166015625000000e+00 1.998596191406250000e-01 1.065073106607441922e+00 -3.768376922607421875e+01 -2.315519104003906250e+02 -6.697842407226562500e+01 2.439722595214843750e+02 6.739001274108886719e-01 2.199437003582715988e-04 9.283361578127369285e-06 -5.096738934516906738e-01 -1.634605079889297485e-01 -8.446970582008361816e-01
6.542968750000000000e-01 -1.875610351562500000e-01 -3.536987304687500000e-01 2.553863525390625000e-01 4.748727439086137259e-01 -4.099620342254638672e+00 1.345526218414306641e+00 -3.808114051818847656e+00 5.754916191101074219e+00 -4.113769531250000000e-01 2.488250732421875000e-01 1.391448974609375000e-01 5.005059611291390320e-01 -6.212255859375000000e+01 1.218932189941406250e+02 -1.218643493652343750e+02 1.832159576416015625e+02 6.746903061866760254e-01 2.200566232204437256e-04 1.922996307257562876e-05 -4.981082379817962646e-01 -1.612189114093780518e-01 -8.519956469535827637e-01
6.640625000000000000e-01 -2.102813720703125000e-01 -3.385162353515625000e-01 2.201538085937500000e-01 4.552792510917900159e-01 -2.106330633163452148e+00 4.976871490478515625e+00 -4.722468852996826172e+00 7.176878929138183594e+00 -5.404663085937500000e-01 2.066802978515625000e-01 2.529754638671875000e-01 6.315197238121577072e-01 1.352813568115234375e+02 3.132705993652343750e+02 5.126809310913085938e+01 3.450622253417968750e+02 6.756883859634399414e-01 2.201906754635274410e-04 1.425330992788076401e-05 -4.828665554523468018e-01 -1.606495976448059082e-01 -8.608319163322448730e-01
6.738281250000000000e-01 -2.154998779296875000e-01 -2.955169677734375000e-01 1.695404052734375000e-01 4.031307785942405131e-01 3.205590486526489258e+00 3.960056066513061523e+00 -6.025168418884277344e+00 7.890532970428466797e+00 3.247985839843750000e-01 -3.581085205078125000e-01 2.706146240234375000e-01 5.540470263018256736e-01 -2.257363128662109375e+02 -1.476320648193359375e+02 1.270112686157226562e+02 2.981341552734375000e+02 6.766288280487060547e-01 2.203281183028593659e-04 2.183676588174421340e-05 -4.684187173843383789e-01 -1.614208370447158813e-01 -8.686352372169494629e-01
6.835937500000000000e-01 -1.727294921875000000e-01 -2.687988281250000000e-01 1.259765625000000000e-01 3.434506977311901355e-01 6.056293964385986328e+00 1.566924571990966797e+00 -2.153254985809326172e+00 6.615924358367919922e+00 1.710815429687500000e-01 -5.816650390625000000e-01 2.684326171875000000e-01 6.630680070568016893e-01 -1.364877014160156250e+02 1.823264312744140625e+02 4.223773574829101562e+01 2.316373138427734375e+02 6.775561571121215820e-01 2.204630000051110983e-04 2.304500958416610956e-05 -4.542527496814727783e-01 -1.608796566724777222e-01 -8.762261271476745605e-01
6.933593750000000000e-01 -1.268157958984375000e-01 -2.348937988281250000e-01 1.241760253906250000e-01 2.944096263695787363e-01 4.490449428558349609e+00 5.009126186370849609e+00 5.396817922592163086e-01 6.748832225799560547e+00 6.037597656250000000e-01 -5.717926025390625000e-01 1.050720214843750000e-01 8.381603454022160671e-01 7.677966308593750000e+01 4.769009017944335938e+01 -9.894868469238281250e+01 1.340160522460937500e+02 6.786467432975769043e-01 2.206167409894987941e-04 1.529940163891296834e-05 -4.414733350276947021e-01 -1.554113626480102539e-01 -8.837129473686218262e-01
7.031250000000000000e-01 -7.406616210937500000e-02 -1.841125488281250000e-01 1.244964599609375000e-01 2.342703471385276237e-01 5.616024494171142578e+00 7.112487316131591797e+00 -6.178267598152160645e-01 9.083441734313964844e+00 3.829803466796875000e-01 -5.083618164062500000e-01 1.378021240234375000e-01 6.512258499999261652e-01 3.886507797241210938e+01 -4.610283660888671875e+01 -7.373441314697265625e+01 9.525087738037109375e+01 6.798589229583740234e-01 2.207870857091620564e-04 2.669960667844861746e-05 -4.306487739086151123e-01 -1.514141410589218140e-01 -8.897277116775512695e-01
7.128906250000000000e-01 -4.896545410156250000e-02 -1.189575195312500000e-01 1.260681152343750000e-01 1.801157317591875473e-01 1.870397478342056274e-01 7.739781379699707031e+00 1.719513177871704102e+00 7.930695056915283203e+00 -5.102539062500000000e-01 1.521148681640625000e-01 7.064819335937500000e-02 5.371118590991056374e-01 8.225262451171875000e+01 2.307379150390625000e+01 9.906237030029296875e+01 1.308099670410156250e+02 6.809965372085571289e-01 2.209446392953395844e-04 1.565465572639368474e-05 -4.187099337577819824e-01 -1.502309888601303101e-01 -8.956074118614196777e-01
7.226562500000000000e-01 -3.565979003906250000e-02 -5.717468261718750000e-02 1.575469970703125000e-01 1.713523307220511660e-01 -8.985536694526672363e-01 4.976853847503662109e+00 4.281519889831542969e+00 6.626302242279052734e+00 -5.393218994140625000e-01 -1.500701904296875000e-01 1.435699462890625000e-01 5.779286311653361041e-01 -1.768833007812500000e+02 -1.585424041748046875e+02 7.411208343505859375e+01 2.488292541503906250e+02 6.821068525314331055e-01 2.211036771768704057e-04 1.355657877866178751e-05 -4.035199284553527832e-01 -1.498231440782546997e-01 -9.026210308074951172e-01
7.324218750000000000e-01 -5.355834960937500000e-02 1.434326171875000000e-03 1.994781494140625000e-01 2.065480239511053862e-01 -1.151823401451110840e+00 6.961966514587402344e+00 5.914011001586914062e+00 9.207127571105957031e+00 -6.419525146484375000e-01 -1.556396484375000000e-03 3.802642822265625000e-01 7.461275881313810254e-01 1.649366912841796875e+02 2.614262084960937500e+02 1.401961822509765625e+02 3.394152832031250000e+02 6.831774115562438965e-01 2.212558611063286662e-04 1.844594044086989015e-05 -3.872424066066741943e-01 -1.504335254430770874e-01 -9.096224904060363770e-01
7.421875000000000000e-01 -8.003234863281250000e-02 5.575561523437500000e-02 2.727203369140625000e-01 2.896381322001084224e-01 -2.527433633804321289e+00 4.354326725006103516e+00 8.531373023986816406e+00 9.906180381774902344e+00 -4.191894531250000000e-01 5.383300781250000000e-02 3.330383300781250000e-01 5.380820751916972622e-01 3.535452651977539062e+01 3.624432067871093750e+02 -8.118278503417968750e+00 3.642539367675781250e+02 6.841019988059997559e-01 2.213944826507940888e-04 1.438975232304073870e-05 -3.756427764892578125e-01 -1.503644585609436035e-01 -9.144850969314575195e-01
7.519531250000000000e-01 -8.656311035156250000e-02 9.710693359375000000e-02 3.404235839843750000e-01 3.644326345958668334e-01 1.154721498489379883e+00 5.513168811798095703e+00 6.644644737243652344e+00 8.710896492004394531e+00 2.779846191406250000e-01 2.918548583984375000e-01 4.621429443359375000e-01 6.132135091866615095e-01 -1.776580047607421875e+02 7.421329021453857422e-01 -1.349767761230468750e+02 2.231180114746093750e+02 6.854348182678222656e-01 2.215857821283861995e-04 2.892027623602189124e-05 -3.642629086971282959e-01 -1.463279426097869873e-01 -9.197285771369934082e-01
7.617187500000000000e-01 -6.944274902343750000e-02 1.368560791015625000e-01 4.160156250000000000e-01 4.434195327487568949e-01 2.772502422332763672e+00 9.074779152870178223e-01 8.635440826416015625e+00 9.114884376525878906e+00 -1.874084472656250000e-01 -1.719512939453125000e-01 5.490875244140625000e-01 6.051332771077322370e-01 8.259809112548828125e+01 -4.359530639648437500e+01 1.057278060913085938e+01 9.399350738525390625e+01 6.865631341934204102e-01 2.217456640210002661e-04 1.609596802154555917e-05 -3.546260297298431396e-01 -1.405756920576095581e-01 -9.243802428245544434e-01
7.714843750000000000e-01 -2.981567382812500000e-02 1.294250488281250000e-01 4.935913085937500000e-01 5.111479214369145652e-01 7.217255592346191406e+00 -3.819458186626434326e-01 6.686636924743652344e+00 9.846104621887207031e+00 2.695312500000000000e-01 4.245910644531250000e-01 5.141601562500000000e-01 7.192255091520494137e-01 -1.533033447265625000e+02 -2.408083038330078125e+02 5.754291057586669922e+00 2.855234985351562500e+02 6.876695156097412109e-01 2.219063899246975780e-04 2.024372224695980549e-05 -3.439403176307678223e-01 -1.339474320411682129e-01 -9.293885827064514160e-01
7.812500000000000000e-01 6.399536132812500000e-02 1.327972412109375000e-01 5.544738769531250000e-01 5.737349507988704911e-01 1.345592784881591797e+01 -5.131354928016662598e-02 5.064336299896240234e+00 1.437748718261718750e+01 4.882507324218750000e-01 3.915100097656250000e-01 5.054473876953125000e-01 8.044538067441738827e-01 -2.004822845458984375e+02 3.111466217041015625e+01 -1.082846679687500000e+02 2.299713745117187500e+02 6.888061165809631348e-01 2.220696042058989406e-04 1.876507849374320358e-05 -3.309510946273803711e-01 -1.245243102312088013e-01 -9.353956580162048340e-01
7.910156250000000000e-01 1.819305419921875000e-01 1.307220458984375000e-01 5.842895507812500000e-01 6.257645360242135579e-01 1.032775878906250000e+01 -1.066330313682556152e+00 1.571954131126403809e+00 1.050098609924316406e+01 5.029907226562500000e-01 -3.243865966796875000e-01 4.993591308593750000e-01 7.794779488582838090e-01 -3.362480163574218750e+01 -1.759755249023437500e+02 1.196317977905273438e+02 2.154292907714843750e+02 6.898422837257385254e-01 2.222202456323429942e-04 2.231283724540844560e-05 -3.201808333396911621e-01 -1.174422726035118103e-01 -9.400486946105957031e-01
