0.000000000000000000e+00 -9.893997000000000597e+00 7.700000000000000139e-05 4.500000000000000283e-05 2.006724000000000174e+00 2.948000000000000100e-03 1.645999999999999894e-03
1.058267367978799611e-01 -9.787634999999999863e+00 3.119999999999999944e-04 1.740000000000000010e-04 2.013168999999999986e+00 6.263000000000000338e-03 2.942000000000000171e-03
2.116534735957599223e-01 -9.573983000000000132e+00 1.430999999999999980e-03 5.209999999999999788e-04 2.023042999999999925e+00 1.641300000000000051e-02 2.154000000000000099e-03
3.174802103936398834e-01 -9.359902999999999196e+00 3.919999999999999873e-03 4.780000000000000178e-04 2.016888999999999932e+00 3.071499999999999925e-02 -3.857999999999999884e-03
4.233069471915198445e-01 -9.147449999999999193e+00 7.872000000000000525e-03 -3.379999999999999758e-04 1.997400999999999982e+00 4.359099999999999780e-02 -1.142800000000000066e-02
5.291336839893998611e-01 -8.937215999999999383e+00 1.309600000000000000e-02 -1.801999999999999999e-03 1.975916000000000006e+00 5.451000000000000290e-02 -1.440999999999999920e-02
6.349604207872797668e-01 -8.729108999999999341e+00 1.934900000000000161e-02 -3.256999999999999913e-03 1.958429999999999893e+00 6.302599999999999869e-02 -1.237199999999999932e-02
7.407871575851596724e-01 -8.522581000000000628e+00 2.634099999999999983e-02 -4.362000000000000426e-03 1.945742000000000083e+00 6.799600000000000088e-02 -8.066000000000000253e-03
8.466138943830396890e-01 -8.317213000000000633e+00 3.362199999999999911e-02 -4.945999999999999876e-03 1.936012000000000066e+00 6.870900000000000618e-02 -3.043000000000000132e-03
9.524406311809197057e-01 -8.112792999999999921e+00 4.080500000000000099e-02 -5.002999999999999635e-03 1.926102999999999899e+00 6.624599999999999933e-02 2.321000000000000146e-03
1.058267367978799722e+00 -7.909942000000000029e+00 4.761699999999999960e-02 -4.444000000000000034e-03 1.903184999999999905e+00 6.304800000000000681e-02 7.820999999999999827e-03
1.164094104776679517e+00 -7.710255000000000081e+00 5.423599999999999949e-02 -3.357999999999999874e-03 1.869844999999999979e+00 6.307799999999999518e-02 1.336099999999999961e-02
1.269920841574559534e+00 -7.514089000000000240e+00 6.105700000000000016e-02 -1.502999999999999996e-03 1.839021999999999935e+00 6.589499999999999524e-02 2.261399999999999869e-02
1.375747578372439550e+00 -7.320892999999999873e+00 6.811599999999999600e-02 1.461999999999999975e-03 1.812977000000000061e+00 6.642499999999999793e-02 3.314099999999999685e-02
1.481574315170319345e+00 -7.130285999999999902e+00 7.496700000000000585e-02 5.459999999999999576e-03 1.789646999999999988e+00 6.153000000000000136e-02 4.214899999999999897e-02
1.587401051968199361e+00 -6.942177000000000042e+00 8.102299999999999780e-02 1.036600000000000021e-02 1.763959000000000055e+00 5.276499999999999940e-02 5.019799999999999957e-02
1.693227788766079378e+00 -6.757096999999999909e+00 8.618900000000000172e-02 1.602299999999999905e-02 1.732507000000000019e+00 4.553999999999999715e-02 5.597900000000000098e-02
1.799054525563959395e+00 -6.575594999999999857e+00 9.073299999999999421e-02 2.208999999999999853e-02 1.697386000000000061e+00 4.099699999999999872e-02 5.699800000000000005e-02
1.904881262361839411e+00 -6.397834999999999717e+00 9.492899999999999949e-02 2.794400000000000009e-02 1.661161000000000110e+00 3.822699999999999709e-02 5.426299999999999873e-02
2.010707999159719428e+00 -6.224173999999999651e+00 9.874600000000000044e-02 3.384199999999999708e-02 1.618821999999999983e+00 3.382899999999999796e-02 5.866899999999999893e-02
2.116534735957599445e+00 -6.055517000000000039e+00 1.021210000000000034e-01 4.031400000000000261e-02 1.566028999999999893e+00 2.939200000000000146e-02 6.276199999999999835e-02
2.222361472755479017e+00 -5.892763000000000417e+00 1.049029999999999963e-01 4.702900000000000136e-02 1.509991000000000083e+00 2.383800000000000155e-02 6.345099999999999352e-02
2.328188209553359034e+00 -5.736086000000000240e+00 1.072840000000000044e-01 5.370699999999999780e-02 1.448742999999999892e+00 2.160199999999999967e-02 6.184400000000000314e-02
2.434014946351239050e+00 -5.586065999999999754e+00 1.096120000000000011e-01 5.996599999999999847e-02 1.391173999999999911e+00 2.602700000000000152e-02 5.568100000000000133e-02
2.539841683149119067e+00 -5.441144000000000425e+00 1.131729999999999958e-01 6.551200000000000079e-02 1.349744999999999973e+00 4.232799999999999757e-02 5.000199999999999784e-02
2.645668419946999084e+00 -5.300319000000000003e+00 1.184410000000000046e-01 7.070700000000000596e-02 1.312159999999999993e+00 5.488400000000000223e-02 5.018600000000000144e-02
2.751495156744879100e+00 -5.163444000000000145e+00 1.245819999999999983e-01 7.634000000000000508e-02 1.272809000000000079e+00 6.099700000000000261e-02 5.711100000000000204e-02
2.857321893542759117e+00 -5.031057999999999808e+00 1.314569999999999905e-01 8.279300000000000548e-02 1.229276999999999953e+00 6.928299999999999736e-02 6.530400000000000094e-02
2.963148630340638690e+00 -4.903308000000000000e+00 1.391809999999999992e-01 9.028400000000000314e-02 1.183299000000000101e+00 7.559299999999999353e-02 7.757600000000000606e-02
3.068975367138518706e+00 -4.780839000000000283e+00 1.473639999999999950e-01 9.930700000000000638e-02 1.129420000000000091e+00 7.864400000000000557e-02 9.307400000000000395e-02
3.174802103936398723e+00 -4.664505000000000123e+00 1.557199999999999973e-01 1.099610000000000032e-01 1.068076999999999943e+00 7.783900000000000541e-02 1.079520000000000063e-01
3.280628840734278739e+00 -4.554636999999999603e+00 1.638169999999999904e-01 1.220289999999999986e-01 1.009406000000000025e+00 7.632899999999999407e-02 1.179830000000000045e-01
3.386455577532158756e+00 -4.450848999999999833e+00 1.720180000000000042e-01 1.347129999999999994e-01 9.513800000000000034e-01 7.953399999999999359e-02 1.203150000000000053e-01
3.492282314330038773e+00 -4.353481000000000378e+00 1.806860000000000133e-01 1.473889999999999922e-01 8.855129999999999946e-01 8.439399999999999680e-02 1.183150000000000035e-01
3.598109051127918789e+00 -4.263745000000000118e+00 1.899129999999999985e-01 1.596509999999999874e-01 8.094299999999999828e-01 9.052499999999999436e-02 1.123939999999999939e-01
3.703935787925798806e+00 -4.182091999999999921e+00 1.998939999999999884e-01 1.710869999999999891e-01 7.341290000000000315e-01 9.817199999999999538e-02 1.034569999999999934e-01
3.809762524723678823e+00 -4.108497999999999983e+00 2.106129999999999947e-01 1.816049999999999887e-01 6.533390000000000031e-01 1.019489999999999980e-01 9.619400000000000173e-02
3.915589261521558395e+00 -4.044139000000000372e+00 2.210789999999999977e-01 1.915620000000000100e-01 5.618919999999999471e-01 9.253599999999999326e-02 9.403699999999999559e-02
4.021415998319438856e+00 -3.989698000000000189e+00 2.299200000000000133e-01 2.017919999999999991e-01 4.645059999999999745e-01 7.284899999999999709e-02 1.003269999999999995e-01
4.127242735117318873e+00 -3.945921999999999930e+00 2.364620000000000055e-01 2.125730000000000119e-01 3.634800000000000253e-01 5.099399999999999766e-02 1.011940000000000062e-01
4.233069471915198889e+00 -3.912808000000000064e+00 2.407700000000000118e-01 2.232500000000000040e-01 2.610149999999999970e-01 3.145599999999999785e-02 1.020289999999999947e-01
4.338896208713078018e+00 -3.890814000000000217e+00 2.431510000000000060e-01 2.342110000000000025e-01 1.539560000000000095e-01 1.255900000000000072e-02 1.045119999999999938e-01
4.444722945510958034e+00 -3.880252000000000034e+00 2.433200000000000085e-01 2.453569999999999918e-01 4.547099999999999753e-02 -9.624999999999999875e-03 1.072239999999999999e-01
4.550549682308838051e+00 -3.881202000000000041e+00 2.411520000000000052e-01 2.571019999999999972e-01 -6.380199999999999760e-02 -3.025900000000000117e-02 1.161910000000000026e-01
4.656376419106718068e+00 -3.893860000000000099e+00 2.371719999999999939e-01 2.699210000000000220e-01 -1.763079999999999925e-01 -4.132500000000000062e-02 1.238279999999999936e-01
4.762203155904598084e+00 -3.918540999999999830e+00 2.327819999999999889e-01 2.830309999999999770e-01 -2.905730000000000257e-01 -3.863500000000000267e-02 1.224330000000000002e-01
4.868029892702478101e+00 -3.955496000000000123e+00 2.293100000000000138e-01 2.957859999999999934e-01 -4.092279999999999807e-01 -2.392599999999999935e-02 1.184560000000000057e-01
4.973856629500358117e+00 -4.005164999999999864e+00 2.280099999999999905e-01 3.080229999999999912e-01 -5.270620000000000305e-01 1.276000000000000007e-03 1.107770000000000005e-01
5.079683366298238134e+00 -4.066638000000000197e+00 2.296300000000000008e-01 3.189420000000000033e-01 -6.316089999999999760e-01 2.721499999999999961e-02 9.288799999999999835e-02
5.185510103096118151e+00 -4.138673999999999964e+00 2.332180000000000086e-01 3.273539999999999783e-01 -7.284850000000000492e-01 3.535399999999999654e-02 6.326900000000000579e-02
5.291336839893998167e+00 -4.220562000000000147e+00 2.368409999999999960e-01 3.321359999999999868e-01 -8.134190000000000031e-01 3.206799999999999928e-02 2.500799999999999898e-02
5.397163576691878184e+00 -4.309885000000000410e+00 2.400269999999999904e-01 3.323579999999999868e-01 -8.675049999999999706e-01 2.967600000000000099e-02 -2.297099999999999836e-02
5.502990313489758201e+00 -4.403781000000000390e+00 2.430680000000000063e-01 3.272349999999999981e-01 -9.014349999999999863e-01 2.284600000000000172e-02 -7.112799999999999678e-02
5.608817050287638217e+00 -4.499926999999999566e+00 2.441419999999999979e-01 3.179759999999999809e-01 -9.147669999999999968e-01 -7.215000000000000059e-03 -9.579699999999999327e-02
5.714643787085518234e+00 -4.597972999999999644e+00 2.416040000000000132e-01 3.075450000000000128e-01 -9.425769999999999982e-01 -3.266700000000000159e-02 -9.991999999999999493e-02
5.820470523883398251e+00 -4.699607999999999564e+00 2.382319999999999993e-01 2.967739999999999823e-01 -9.811490000000000489e-01 -2.929400000000000059e-02 -1.044319999999999971e-01
5.926297260681277379e+00 -4.806226999999999805e+00 2.349970000000000114e-01 2.853209999999999913e-01 -1.036423000000000094e+00 -3.076299999999999868e-02 -1.120590000000000058e-01
6.032123997479157396e+00 -4.917942000000000036e+00 2.322919999999999985e-01 2.735020000000000229e-01 -1.057638000000000078e+00 -2.057099999999999901e-02 -1.065709999999999991e-01
6.137950734277037412e+00 -5.028881000000000157e+00 2.303320000000000090e-01 2.627579999999999916e-01 -1.035903000000000018e+00 -1.802499999999999936e-02 -9.744500000000000384e-02
6.243777471074917429e+00 -5.137307999999999986e+00 2.281980000000000119e-01 2.533380000000000076e-01 -1.014520000000000088e+00 -3.036600000000000063e-02 -7.212499999999999467e-02
6.349604207872797446e+00 -5.243585999999999636e+00 2.231039999999999968e-01 2.481200000000000072e-01 -9.912339999999999485e-01 -6.262600000000000111e-02 -2.635600000000000095e-02
6.455430944670677462e+00 -5.346467999999999776e+00 2.156059999999999921e-01 2.471579999999999888e-01 -9.444850000000000190e-01 -7.742400000000000670e-02 3.300000000000000253e-05
6.561257681468557479e+00 -5.441831999999999780e+00 2.065110000000000001e-01 2.471629999999999938e-01 -8.382699999999999596e-01 -9.653000000000000469e-02 -8.937000000000000499e-03
6.667084418266437496e+00 -5.522914000000000101e+00 1.953489999999999949e-01 2.447680000000000133e-01 -6.967689999999999717e-01 -1.108829999999999955e-01 -3.467200000000000143e-02
6.772911155064317512e+00 -5.589615000000000222e+00 1.834520000000000040e-01 2.405539999999999901e-01 -5.649999999999999467e-01 -1.122520000000000046e-01 -3.864000000000000073e-02
6.878737891862197529e+00 -5.642890999999999657e+00 1.715079999999999938e-01 2.369330000000000047e-01 -4.449359999999999982e-01 -1.138220000000000065e-01 -2.994000000000000133e-02
6.984564628660077545e+00 -5.684103999999999601e+00 1.590590000000000059e-01 2.336499999999999966e-01 -3.400779999999999914e-01 -1.287520000000000053e-01 -3.851099999999999662e-02
7.090391365457957562e+00 -5.715410999999999575e+00 1.434930000000000094e-01 2.285739999999999994e-01 -2.515180000000000193e-01 -1.684209999999999874e-01 -5.280399999999999677e-02
7.196218102255837579e+00 -5.736966999999999928e+00 1.234740000000000004e-01 2.233980000000000132e-01 -1.534389999999999921e-01 -2.065339999999999954e-01 -4.139999999999999930e-02
7.302044839053717595e+00 -5.747906999999999655e+00 1.004990000000000050e-01 2.193640000000000034e-01 -5.524600000000000344e-02 -2.187230000000000008e-01 -3.655499999999999722e-02
7.407871575851597612e+00 -5.749198999999999948e+00 7.795499999999999652e-02 2.163259999999999905e-01 2.468000000000000055e-02 -2.023500000000000021e-01 -1.298900000000000055e-02
7.513698312649477629e+00 -5.742981999999999587e+00 5.834299999999999903e-02 2.170300000000000007e-01 9.232200000000000129e-02 -1.627190000000000025e-01 2.478899999999999854e-02
7.619525049447357645e+00 -5.729681000000000246e+00 4.339300000000000102e-02 2.211079999999999990e-01 1.592419999999999947e-01 -1.231059999999999932e-01 4.753199999999999786e-02
7.725351786245236774e+00 -5.709437999999999569e+00 3.217799999999999827e-02 2.266559999999999964e-01 2.242460000000000009e-01 -9.020899999999999752e-02 5.418900000000000106e-02
7.831178523043116790e+00 -5.681524999999999714e+00 2.443700000000000039e-02 2.318669999999999898e-01 3.044350000000000112e-01 -5.505299999999999777e-02 3.368299999999999766e-02
7.937005259840996807e+00 -5.645990000000000286e+00 2.019299999999999914e-02 2.333649999999999891e-01 3.601880000000000082e-01 -3.049899999999999833e-02 5.919999999999999698e-04
8.042831996638877712e+00 -5.604724000000000039e+00 1.730599999999999847e-02 2.328469999999999984e-01 4.278029999999999888e-01 -2.486400000000000068e-02 -6.708000000000000421e-03
8.148658733436757728e+00 -5.555597999999999814e+00 1.579900000000000054e-02 2.316979999999999873e-01 4.913170000000000037e-01 3.176000000000000004e-03 -1.740699999999999886e-02
8.254485470234637745e+00 -5.502030000000000420e+00 1.782200000000000104e-02 2.294049999999999978e-01 5.109700000000000353e-01 3.444500000000000339e-02 -2.589400000000000035e-02
8.360312207032517762e+00 -5.448262999999999856e+00 2.327200000000000102e-02 2.258110000000000117e-01 4.982230000000000270e-01 6.971800000000000219e-02 -4.277700000000000252e-02
8.466138943830397778e+00 -5.396874999999999645e+00 3.335799999999999876e-02 2.208340000000000025e-01 4.698249999999999926e-01 1.307959999999999956e-01 -4.725000000000000033e-02
8.571965680628276019e+00 -5.349649999999999572e+00 5.148599999999999705e-02 2.155219999999999914e-01 4.136179999999999857e-01 2.173029999999999962e-01 -5.510299999999999920e-02
8.677792417426156035e+00 -5.310220000000000162e+00 7.980600000000000194e-02 2.095690000000000053e-01 3.282269999999999910e-01 3.152039999999999842e-01 -5.087799999999999961e-02
8.783619154224036052e+00 -5.279707000000000150e+00 1.176510000000000056e-01 2.055200000000000082e-01 2.508170000000000122e-01 3.915850000000000164e-01 -2.029999999999999860e-02
8.889445891021916069e+00 -5.258258999999999794e+00 1.608519999999999950e-01 2.053540000000000088e-01 1.417519999999999891e-01 3.984519999999999729e-01 1.313600000000000011e-02
8.995272627819796085e+00 -5.249870999999999732e+00 1.995359999999999912e-01 2.075649999999999995e-01 2.183799999999999977e-02 3.231410000000000116e-01 2.098399999999999918e-02
9.101099364617676102e+00 -5.252855000000000274e+00 2.291580000000000006e-01 2.089600000000000068e-01 -6.943299999999999472e-02 2.362579999999999958e-01 -3.177999999999999835e-03
9.206926101415556118e+00 -5.263589999999999769e+00 2.492759999999999976e-01 2.068319999999999881e-01 -1.236219999999999958e-01 1.453659999999999952e-01 -2.894899999999999904e-02
9.312752838213436135e+00 -5.277797999999999767e+00 2.606419999999999848e-01 2.035190000000000055e-01 -1.399920000000000053e-01 7.735000000000000209e-02 -3.071400000000000172e-02
9.418579575011316152e+00 -5.294293999999999834e+00 2.669239999999999946e-01 2.002490000000000103e-01 -1.865140000000000131e-01 5.641899999999999693e-02 -3.353899999999999937e-02
9.524406311809196168e+00 -5.318221000000000309e+00 2.736290000000000111e-01 1.966739999999999877e-01 -2.648659999999999903e-01 6.987999999999999767e-02 -3.033599999999999838e-02
9.630233048607076185e+00 -5.349349000000000132e+00 2.806910000000000238e-01 1.939220000000000110e-01 -3.179100000000000259e-01 5.335299999999999765e-02 -1.938099999999999892e-02
9.736059785404956202e+00 -5.385296000000000305e+00 2.837520000000000042e-01 1.930020000000000069e-01 -3.538709999999999911e-01 -3.637000000000000042e-03 5.923999999999999579e-03
9.841886522202836218e+00 -5.423417999999999850e+00 2.803229999999999889e-01 1.952309999999999879e-01 -3.610940000000000261e-01 -5.659700000000000147e-02 3.243599999999999955e-02
9.947713259000716235e+00 -5.460967000000000127e+00 2.718909999999999938e-01 1.995389999999999942e-01 -3.411739999999999773e-01 -9.540200000000000069e-02 4.644899999999999723e-02
1.005353999579859625e+01 -5.495478999999999559e+00 2.611299999999999732e-01 2.042019999999999946e-01 -3.145930000000000115e-01 -1.061769999999999936e-01 3.042100000000000012e-02
1.015936673259647627e+01 -5.527012000000000036e+00 2.493070000000000008e-01 2.050980000000000025e-01 -2.639489999999999892e-01 -1.062820000000000015e-01 -1.833800000000000013e-02
1.026519346939435628e+01 -5.549453999999999887e+00 2.404900000000000093e-01 2.006259999999999988e-01 -1.510499999999999898e-01 -5.259300000000000086e-02 -5.763800000000000173e-02
1.037102020619223630e+01 -5.558613000000000248e+00 2.377360000000000029e-01 1.930729999999999946e-01 -2.151600000000000040e-02 -9.088000000000000592e-03 -9.279700000000000448e-02
1.047684694299011632e+01 -5.554592999999999670e+00 2.373860000000000137e-01 1.804610000000000103e-01 8.738200000000000134e-02 -1.053499999999999923e-02 -1.406519999999999992e-01
1.058267367978799633e+01 -5.540920999999999985e+00 2.343949999999999922e-01 1.640459999999999974e-01 1.722869999999999957e-01 -5.126900000000000207e-02 -1.634639999999999982e-01
1.068850041658587635e+01 -5.518311999999999884e+00 2.271320000000000006e-01 1.464590000000000058e-01 2.382400000000000073e-01 -7.070500000000000396e-02 -1.686920000000000086e-01
1.079432715338375637e+01 -5.492398999999999809e+00 2.206660000000000010e-01 1.280239999999999989e-01 2.469909999999999883e-01 -4.832499999999999990e-02 -1.758720000000000006e-01
1.090015389018163638e+01 -5.465429000000000315e+00 2.163319999999999965e-01 1.103319999999999995e-01 2.690520000000000134e-01 -4.206200000000000216e-02 -1.566680000000000017e-01
1.100598062697951640e+01 -5.435260999999999676e+00 2.113939999999999986e-01 9.416099999999999470e-02 2.970130000000000270e-01 -4.856900000000000106e-02 -1.501470000000000027e-01
1.111180736377739642e+01 -5.403433999999999848e+00 2.064900000000000069e-01 7.875300000000000356e-02 2.982150000000000079e-01 -4.119300000000000045e-02 -1.418969999999999954e-01
1.121763410057527643e+01 -5.372162999999999577e+00 2.031590000000000062e-01 6.420299999999999618e-02 2.944309999999999983e-01 -1.837099999999999844e-02 -1.299389999999999989e-01
1.132346083737315645e+01 -5.341148999999999702e+00 2.016850000000000032e-01 5.171300000000000202e-02 2.888530000000000264e-01 -2.833000000000000101e-02 -9.952800000000000535e-02
1.142928757417103647e+01 -5.311893999999999672e+00 1.958600000000000063e-01 4.378100000000000047e-02 2.523940000000000072e-01 -7.755900000000000294e-02 -4.724199999999999927e-02
1.153511431096891648e+01 -5.288401999999999603e+00 1.866490000000000093e-01 4.182999999999999913e-02 1.927260000000000084e-01 -8.635099999999999720e-02 7.722999999999999830e-03
1.164094104776679650e+01 -5.270486000000000004e+00 1.782680000000000098e-01 4.485100000000000198e-02 1.550670000000000104e-01 -7.263600000000000612e-02 4.622400000000000120e-02
1.174676778456467652e+01 -5.254806000000000310e+00 1.706360000000000099e-01 5.180200000000000082e-02 1.462630000000000041e-01 -7.739699999999999358e-02 8.910099999999999965e-02
1.185259452136255476e+01 -5.238965000000000316e+00 1.611920000000000019e-01 6.385599999999999610e-02 1.545060000000000044e-01 -1.032209999999999933e-01 1.333759999999999946e-01
1.195842125816043477e+01 -5.223095999999999961e+00 1.494000000000000050e-01 7.924000000000000488e-02 1.309670000000000001e-01 -1.148419999999999996e-01 1.576410000000000033e-01
1.206424799495831479e+01 -5.212301000000000073e+00 1.368199999999999972e-01 9.780899999999999317e-02 7.153400000000000036e-02 -1.198580000000000062e-01 1.916660000000000030e-01
1.217007473175619481e+01 -5.207157999999999731e+00 1.250590000000000035e-01 1.188540000000000013e-01 3.302299999999999680e-02 -9.306999999999999995e-02 2.022809999999999886e-01
1.227590146855407482e+01 -5.205424999999999969e+00 1.175609999999999988e-01 1.406890000000000085e-01 -6.760999999999999649e-03 -5.003699999999999815e-02 2.086770000000000014e-01
1.238172820535195484e+01 -5.209537000000000084e+00 1.139619999999999939e-01 1.623439999999999883e-01 -8.429000000000000381e-02 -2.268399999999999930e-02 1.934579999999999911e-01
1.248755494214983486e+01 -5.224825000000000053e+00 1.124909999999999938e-01 1.814280000000000059e-01 -2.118929999999999980e-01 -4.630999999999999700e-03 1.675699999999999967e-01
1.259338167894771487e+01 -5.253890000000000171e+00 1.129539999999999988e-01 1.975260000000000071e-01 -3.198590000000000044e-01 6.648000000000000263e-03 1.337240000000000095e-01
1.269920841574559489e+01 -5.290013000000000076e+00 1.133440000000000003e-01 2.100920000000000010e-01 -3.499929999999999986e-01 6.540999999999999939e-03 1.091639999999999971e-01
1.280503515254347491e+01 -5.327886999999999595e+00 1.154160000000000047e-01 2.205880000000000063e-01 -3.645510000000000139e-01 3.687300000000000300e-02 8.839099999999999735e-02
1.291086188934135492e+01 -5.366870999999999725e+00 1.209009999999999946e-01 2.288449999999999929e-01 -3.709080000000000155e-01 6.321999999999999842e-02 6.168699999999999878e-02
1.301668862613923494e+01 -5.405772999999999939e+00 1.283759999999999901e-01 2.329779999999999907e-01 -3.548000000000000043e-01 7.219499999999999529e-02 1.591000000000000053e-02
1.312251536293711496e+01 -5.441288000000000125e+00 1.354769999999999863e-01 2.323810000000000042e-01 -3.133059999999999734e-01 5.536300000000000249e-02 -2.624699999999999950e-02
1.322834209973499497e+01 -5.471847000000000349e+00 1.401630000000000098e-01 2.277289999999999870e-01 -2.594469999999999832e-01 4.200199999999999767e-02 -5.669500000000000234e-02
1.333416883653287499e+01 -5.495033000000000278e+00 1.453669999999999962e-01 2.204609999999999903e-01 -1.643400000000000138e-01 6.199500000000000149e-02 -8.660600000000000243e-02
1.343999557333075501e+01 -5.505793999999999855e+00 1.533740000000000103e-01 2.089239999999999986e-01 -4.543500000000000316e-02 9.062299999999999522e-02 -1.244750000000000023e-01
1.354582231012863502e+01 -5.506433999999999607e+00 1.649849999999999928e-01 1.951900000000000024e-01 2.033000000000000085e-02 1.341459999999999875e-01 -1.325959999999999916e-01
1.365164904692651504e+01 -5.501833999999999669e+00 1.821429999999999993e-01 1.807699999999999863e-01 6.800399999999999501e-02 1.911430000000000073e-01 -1.354090000000000016e-01
1.375747578372439506e+01 -5.492009000000000363e+00 2.055329999999999935e-01 1.677470000000000072e-01 1.164929999999999993e-01 2.473190000000000111e-01 -1.024169999999999942e-01
1.386330252052227507e+01 -5.477426000000000350e+00 2.330349999999999921e-01 1.590449999999999919e-01 1.560840000000000005e-01 2.569520000000000137e-01 -6.685199999999999476e-02
1.396912925732015509e+01 -5.458614999999999995e+00 2.588690000000000158e-01 1.526710000000000012e-01 2.078520000000000090e-01 2.218670000000000087e-01 -6.551099999999999979e-02
1.407495599411803511e+01 -5.433329999999999771e+00 2.793439999999999812e-01 1.444979999999999876e-01 2.588400000000000145e-01 1.668340000000000101e-01 -8.533999999999999919e-02
1.418078273091591512e+01 -5.405520000000000103e+00 2.942500000000000115e-01 1.352649999999999963e-01 2.558909999999999796e-01 1.119450000000000028e-01 -8.719599999999999573e-02
1.428660946771379514e+01 -5.379444000000000337e+00 3.029209999999999958e-01 1.260499999999999954e-01 2.392459999999999865e-01 4.948799999999999727e-02 -8.733599999999999697e-02
1.439243620451167516e+01 -5.354059000000000346e+00 3.047549999999999981e-01 1.163529999999999981e-01 2.494800000000000073e-01 -7.931999999999999815e-03 -9.921000000000000651e-02
1.449826294130955517e+01 -5.326728000000000129e+00 3.014789999999999970e-01 1.051359999999999933e-01 2.648479999999999723e-01 -5.685400000000000176e-02 -1.104300000000000004e-01
1.460408967810743519e+01 -5.297291999999999668e+00 2.929930000000000034e-01 9.356200000000000627e-02 2.988629999999999898e-01 -9.575100000000000278e-02 -1.049619999999999997e-01
1.470991641490531521e+01 -5.263590999999999909e+00 2.817680000000000184e-01 8.234099999999999753e-02 3.304739999999999900e-01 -1.160000000000000059e-01 -1.113210000000000033e-01
1.481574315170319522e+01 -5.228290000000000326e+00 2.688400000000000234e-01 7.037899999999999712e-02 3.278229999999999755e-01 -1.201760000000000050e-01 -1.092209999999999986e-01
1.492156988850107524e+01 -5.194511999999999574e+00 2.566829999999999945e-01 5.943299999999999972e-02 3.124640000000000195e-01 -1.121420000000000056e-01 -9.613499999999999823e-02
1.502739662529895526e+01 -5.162416000000000338e+00 2.446379999999999943e-01 5.071500000000000313e-02 2.907959999999999989e-01 -1.178489999999999954e-01 -6.414599999999999469e-02
1.513322336209683527e+01 -5.132569000000000159e+00 2.318979999999999930e-01 4.587299999999999711e-02 2.781469999999999776e-01 -1.197519999999999973e-01 -3.074400000000000049e-02
1.523905009889471529e+01 -5.103651000000000160e+00 2.193749999999999867e-01 4.338700000000000195e-02 2.637920000000000265e-01 -1.199989999999999946e-01 -2.121599999999999875e-02
1.534487683569259353e+01 -5.077251000000000403e+00 2.061910000000000132e-01 4.144599999999999673e-02 2.317809999999999870e-01 -1.307379999999999931e-01 -1.534199999999999973e-02
1.545070357249047355e+01 -5.054850000000000065e+00 1.913019999999999998e-01 3.990900000000000003e-02 1.907240000000000046e-01 -1.556269999999999876e-01 -1.336999999999999994e-02
1.555653030928835356e+01 -5.036570000000000213e+00 1.731250000000000011e-01 3.890099999999999808e-02 1.569929999999999937e-01 -1.830400000000000083e-01 -6.231000000000000427e-03
1.566235704608623358e+01 -5.021721999999999575e+00 1.536009999999999875e-01 3.801600000000000118e-02 1.232749999999999957e-01 -1.761070000000000135e-01 -1.524499999999999987e-02
1.576818378288411360e+01 -5.010479000000000127e+00 1.362839999999999885e-01 3.570500000000000063e-02 9.069099999999999384e-02 -1.517090000000000105e-01 -2.295300000000000118e-02
1.587401051968199361e+01 -5.002055000000000362e+00 1.214989999999999959e-01 3.383699999999999902e-02 7.366899999999999837e-02 -1.267089999999999883e-01 -1.123700000000000046e-02
1.597983725647987363e+01 -4.994265999999999650e+00 1.092240000000000016e-01 3.300199999999999662e-02 7.972200000000000120e-02 -1.092700000000000060e-01 -7.230000000000000315e-03
1.608566399327775542e+01 -4.984759999999999636e+00 9.816500000000000226e-02 3.227700000000000014e-02 9.978099999999999470e-02 -1.000420000000000059e-01 -4.623999999999999638e-03
1.619149073007563544e+01 -4.973558999999999841e+00 8.829700000000000049e-02 3.213499999999999690e-02 1.101629999999999970e-01 -8.151899999999999424e-02 9.899999999999999404e-05
1.629731746687351546e+01 -4.961162999999999990e+00 8.131499999999999839e-02 3.208699999999999747e-02 1.252590000000000092e-01 -4.995499999999999940e-02 -9.500000000000000523e-05
1.640314420367139547e+01 -4.947487999999999886e+00 7.758700000000000319e-02 3.227800000000000114e-02 1.246879999999999933e-01 -1.784799999999999928e-02 3.899999999999999929e-05
1.650897094046927549e+01 -4.935839999999999783e+00 7.853699999999999570e-02 3.135399999999999993e-02 8.645100000000000007e-02 4.631799999999999806e-02 -2.104899999999999827e-02
1.661479767726715551e+01 -4.929829999999999934e+00 8.789199999999999791e-02 2.755799999999999916e-02 2.167600000000000082e-02 1.263209999999999888e-01 -5.336899999999999977e-02
1.672062441406503552e+01 -4.931778000000000439e+00 1.045340000000000019e-01 2.017599999999999949e-02 -5.768199999999999716e-02 1.882919999999999872e-01 -8.126500000000000390e-02
1.682645115086291554e+01 -4.941336999999999868e+00 1.281569999999999931e-01 1.117499999999999917e-02 -1.118679999999999952e-01 2.573429999999999884e-01 -7.893300000000000316e-02
1.693227788766079556e+01 -4.954309000000000296e+00 1.583279999999999965e-01 4.486000000000000404e-03 -1.291690000000000060e-01 3.032230000000000203e-01 -3.989999999999999797e-02
1.703810462445867202e+01 -4.968346000000000373e+00 1.910660000000000136e-01 3.083999999999999936e-03 -1.310679999999999901e-01 3.037909999999999777e-01 1.101300000000000022e-02
1.714393136125655204e+01 -4.982012000000000107e+00 2.219969999999999999e-01 6.297999999999999779e-03 -1.304970000000000019e-01 2.797700000000000187e-01 4.660199999999999759e-02
1.724975809805443205e+01 -4.996129999999999960e+00 2.501450000000000062e-01 1.289000000000000042e-02 -1.384350000000000025e-01 2.500089999999999812e-01 7.780399999999999816e-02
1.735558483485231207e+01 -5.012145000000000294e+00 2.747689999999999855e-01 2.255300000000000013e-02 -1.737200000000000133e-01 2.150720000000000132e-01 9.952999999999999348e-02
1.746141157165019209e+01 -5.033053999999999917e+00 2.957179999999999809e-01 3.328400000000000108e-02 -2.150509999999999922e-01 1.822509999999999963e-01 9.942299999999999749e-02
1.756723830844807210e+01 -5.056835999999999665e+00 3.135580000000000034e-01 4.321200000000000041e-02 -2.275999999999999968e-01 1.555539999999999978e-01 8.520400000000000196e-02
1.767306504524595212e+01 -5.080625000000000391e+00 3.285680000000000267e-01 5.149399999999999811e-02 -2.174409999999999954e-01 1.280209999999999959e-01 7.436900000000000455e-02
1.777889178204383214e+01 -5.102547000000000388e+00 3.404610000000000136e-01 5.902899999999999814e-02 -1.955949999999999911e-01 9.259900000000000075e-02 6.892299999999999816e-02
1.788471851884171215e+01 -5.121954999999999814e+00 3.479220000000000090e-01 6.641199999999999881e-02 -1.711719999999999908e-01 5.009999999999999870e-02 7.294100000000000583e-02
1.799054525563959217e+01 -5.138790000000000191e+00 3.515730000000000244e-01 7.438899999999999679e-02 -1.470400000000000040e-01 2.411500000000000102e-02 7.545899999999999830e-02
1.809637199243747219e+01 -5.153293999999999819e+00 3.531929999999999792e-01 8.197000000000000119e-02 -1.301180000000000114e-01 5.225999999999999743e-03 6.442199999999999316e-02
1.820219872923535220e+01 -5.166386000000000145e+00 3.528220000000000245e-01 8.803600000000000314e-02 -1.152630000000000043e-01 -8.141000000000000666e-03 5.260000000000000092e-02
1.830802546603323222e+01 -5.177541999999999867e+00 3.519019999999999926e-01 9.352699999999999902e-02 -9.748099999999999821e-02 -5.964999999999999816e-03 5.721099999999999797e-02
1.841385220283111224e+01 -5.187657999999999880e+00 3.515889999999999849e-01 1.006859999999999977e-01 -9.982900000000000107e-02 -3.245000000000000055e-03 7.955600000000000172e-02
1.851967893962899225e+01 -5.198763999999999719e+00 3.509800000000000142e-01 1.103370000000000045e-01 -1.067099999999999993e-01 -7.108999999999999868e-03 1.016200000000000020e-01
1.862550567642687227e+01 -5.209767000000000259e+00 3.502439999999999998e-01 1.218510000000000010e-01 -9.789699999999999791e-02 -5.265999999999999848e-03 1.133350000000000052e-01
1.873133241322475229e+01 -5.219471000000000416e+00 3.500440000000000218e-01 1.343749999999999944e-01 -8.734400000000000497e-02 1.149000000000000065e-03 1.253309999999999980e-01
1.883715915002263230e+01 -5.228362999999999872e+00 3.503379999999999828e-01 1.484759999999999969e-01 -8.098400000000000043e-02 3.160000000000000048e-03 1.406219999999999970e-01
1.894298588682051232e+01 -5.236591999999999913e+00 3.505759999999999987e-01 1.640340000000000131e-01 -7.206999999999999518e-02 6.200000000000000270e-05 1.502860000000000029e-01
1.904881262361839234e+01 -5.243149999999999977e+00 3.502520000000000078e-01 1.796010000000000106e-01 -4.860300000000000037e-02 -6.066000000000000211e-03 1.381320000000000048e-01
1.915463936041627235e+01 -5.246783999999999892e+00 3.494360000000000244e-01 1.928060000000000052e-01 -2.160600000000000021e-02 -8.675000000000000419e-03 1.051430000000000003e-01
1.926046609721415237e+01 -5.248206999999999844e+00 3.480369999999999853e-01 2.011989999999999890e-01 -7.553999999999999951e-03 -2.558099999999999957e-02 5.166400000000000159e-02
1.936629283401203239e+01 -5.247990999999999850e+00 3.434039999999999870e-01 2.041050000000000086e-01 1.301199999999999926e-02 -6.365700000000000525e-02 9.214999999999999233e-03
1.947211957080991240e+01 -5.245934000000000097e+00 3.346069999999999878e-01 2.035859999999999892e-01 2.152600000000000000e-02 -9.896599999999999842e-02 -1.840800000000000075e-02
1.957794630760779242e+01 -5.243358999999999881e+00 3.230160000000000253e-01 2.002500000000000113e-01 3.294400000000000106e-02 -1.157519999999999938e-01 -4.199900000000000161e-02
1.968377304440567244e+01 -5.238324000000000424e+00 3.104339999999999877e-01 1.950870000000000104e-01 6.437400000000000067e-02 -1.199179999999999968e-01 -5.261300000000000004e-02
1.978959978120355245e+01 -5.229883000000000060e+00 2.978109999999999924e-01 1.891089999999999993e-01 9.140299999999999814e-02 -1.156500000000000028e-01 -6.298700000000000132e-02
