0.000000000000000000e+00 -9.901783999999999253e+00 2.500000000000000120e-05 7.799999999999999859e-05 1.998988999999999905e+00 1.023000000000000038e-03 3.213999999999999843e-03
9.824083996374363692e-02 -9.803618000000000166e+00 1.010000000000000020e-04 3.159999999999999832e-04 1.997924000000000033e+00 2.180000000000000080e-03 6.519999999999999754e-03
1.964816799274872738e-01 -9.705505999999999744e+00 2.390000000000000089e-04 7.190000000000000210e-04 1.996623999999999954e+00 3.560999999999999929e-03 9.943000000000000449e-03
2.947225198912308830e-01 -9.509522000000000475e+00 7.410000000000000137e-04 2.039000000000000014e-03 1.992579000000000100e+00 6.641000000000000202e-03 1.689399999999999930e-02
3.929633598549745477e-01 -9.314092999999999734e+00 1.503999999999999912e-03 4.009999999999999676e-03 1.985287999999999942e+00 8.000999999999999432e-03 2.259699999999999903e-02
4.912041998187182124e-01 -9.119469999999999743e+00 2.204999999999999929e-03 6.401999999999999705e-03 1.977039999999999909e+00 5.379000000000000101e-03 2.552400000000000155e-02
5.894450397824617660e-01 -8.925610999999999962e+00 2.503000000000000017e-03 8.994000000000000258e-03 1.969653000000000098e+00 1.949999999999999965e-04 2.708100000000000090e-02
6.876858797462054307e-01 -8.732488000000000028e+00 2.184000000000000177e-03 1.170799999999999966e-02 1.961570999999999954e+00 -7.433000000000000371e-03 2.781899999999999998e-02
7.859267197099490954e-01 -8.540253999999999124e+00 9.680000000000000019e-04 1.438799999999999975e-02 1.951276999999999928e+00 -1.783300000000000163e-02 2.549299999999999830e-02
8.841675596736927600e-01 -8.349246000000000834e+00 -1.309000000000000051e-03 1.658000000000000099e-02 1.935040000000000093e+00 -2.738300000000000109e-02 1.879499999999999921e-02
9.824083996374364247e-01 -8.160114000000000090e+00 -4.274000000000000021e-03 1.812700000000000075e-02 1.916657000000000055e+00 -3.231699999999999851e-02 1.277200000000000037e-02
1.080649239601179978e+00 -7.972527999999999615e+00 -7.649999999999999682e-03 1.906800000000000161e-02 1.902979999999999894e+00 -3.651299999999999685e-02 6.202000000000000048e-03
1.178890079564923532e+00 -7.786196000000000339e+00 -1.144900000000000084e-02 1.933599999999999902e-02 1.890214000000000061e+00 -4.063300000000000245e-02 -7.739999999999999485e-04
1.277130919528667308e+00 -7.601161000000000278e+00 -1.559499999999999949e-02 1.891400000000000026e-02 1.876438000000000050e+00 -4.325999999999999984e-02 -7.886999999999999914e-03
1.375371759492410861e+00 -7.417537000000000269e+00 -1.990099999999999855e-02 1.777600000000000013e-02 1.861685000000000034e+00 -4.406399999999999900e-02 -1.534300000000000073e-02
1.473612599456154637e+00 -7.235369999999999635e+00 -2.423799999999999913e-02 1.590400000000000147e-02 1.847048999999999941e+00 -4.432699999999999835e-02 -2.259200000000000097e-02
1.571853439419898191e+00 -7.054609000000000130e+00 -2.863900000000000126e-02 1.335599999999999982e-02 1.833101000000000091e+00 -4.564399999999999707e-02 -2.923299999999999857e-02
1.670094279383641744e+00 -6.875187000000000381e+00 -3.325000000000000178e-02 1.014199999999999997e-02 1.819666999999999923e+00 -4.871899999999999842e-02 -3.669700000000000045e-02
1.768335119347385520e+00 -6.697026000000000145e+00 -3.826100000000000334e-02 6.067000000000000344e-03 1.809129999999999905e+00 -5.381299999999999972e-02 -4.685899999999999788e-02
1.866575959311129074e+00 -6.519515000000000171e+00 -4.387800000000000034e-02 9.749999999999999552e-04 1.804840999999999918e+00 -6.117399999999999921e-02 -5.595900000000000180e-02
1.964816799274872849e+00 -6.342670000000000030e+00 -5.029100000000000237e-02 -4.903000000000000240e-03 1.791433999999999971e+00 -6.809600000000000375e-02 -6.350200000000000289e-02
2.063057639238616403e+00 -6.167844999999999800e+00 -5.706100000000000061e-02 -1.140399999999999921e-02 1.766372999999999971e+00 -6.827600000000000335e-02 -6.750200000000000644e-02
2.161298479202359957e+00 -5.995584000000000024e+00 -6.364599999999999425e-02 -1.810600000000000057e-02 1.741141999999999967e+00 -6.566600000000000215e-02 -6.923500000000000487e-02
2.259539319166103510e+00 -5.825696999999999903e+00 -6.996299999999999741e-02 -2.507900000000000060e-02 1.717413000000000078e+00 -6.311400000000000343e-02 -7.369699999999999862e-02
2.357780159129847064e+00 -5.658236999999999739e+00 -7.613000000000000322e-02 -3.271999999999999909e-02 1.689761000000000069e+00 -6.394900000000000584e-02 -8.338299999999999879e-02
2.456020999093591062e+00 -5.493949999999999889e+00 -8.258999999999999675e-02 -4.148899999999999810e-02 1.653580000000000050e+00 -6.692900000000000238e-02 -9.405099999999999572e-02
2.554261839057334615e+00 -5.333281000000000382e+00 -8.921700000000000463e-02 -5.111600000000000171e-02 1.617766000000000037e+00 -6.773200000000000054e-02 -1.016579999999999984e-01
2.652502679021078169e+00 -5.176136999999999766e+00 -9.589200000000000501e-02 -6.145199999999999968e-02 1.580327000000000037e+00 -6.815499999999999337e-02 -1.086410000000000015e-01
2.750743518984821723e+00 -5.022890000000000299e+00 -1.026090000000000058e-01 -7.244000000000000439e-02 1.538167000000000062e+00 -6.853499999999999870e-02 -1.147350000000000037e-01
2.848984358948565276e+00 -4.874107000000000411e+00 -1.093449999999999978e-01 -8.395600000000000285e-02 1.488261000000000056e+00 -6.840499999999999359e-02 -1.192099999999999965e-01
2.947225198912309274e+00 -4.730640000000000178e+00 -1.160039999999999960e-01 -9.577499999999999902e-02 1.432735000000000092e+00 -6.628299999999999470e-02 -1.200719999999999982e-01
3.045466038876052828e+00 -4.592450000000000365e+00 -1.222560000000000036e-01 -1.074019999999999975e-01 1.381515000000000049e+00 -6.001800000000000190e-02 -1.151260000000000061e-01
3.143706878839796381e+00 -4.459285999999999639e+00 -1.278150000000000119e-01 -1.183079999999999965e-01 1.327981999999999996e+00 -5.419800000000000312e-02 -1.072140000000000037e-01
3.241947718803539935e+00 -4.331596000000000224e+00 -1.329289999999999916e-01 -1.285820000000000018e-01 1.271778999999999993e+00 -4.920200000000000268e-02 -1.032359999999999944e-01
3.340188558767283489e+00 -4.209279000000000437e+00 -1.373939999999999884e-01 -1.386670000000000125e-01 1.220183000000000018e+00 -4.087899999999999867e-02 -1.021620000000000028e-01
3.438429398731027486e+00 -4.091664999999999885e+00 -1.408850000000000102e-01 -1.486210000000000031e-01 1.175934999999999953e+00 -2.935700000000000115e-02 -9.993399999999999506e-02
3.536670238694771040e+00 -3.978096999999999994e+00 -1.430810000000000137e-01 -1.582369999999999888e-01 1.137024999999999952e+00 -1.484800000000000009e-02 -9.507599999999999385e-02
3.634911078658514594e+00 -3.868198000000000025e+00 -1.438200000000000034e-01 -1.672269999999999868e-01 1.099728000000000039e+00 -1.064000000000000059e-03 -8.702000000000000013e-02
3.733151918622258147e+00 -3.762369000000000074e+00 -1.434410000000000129e-01 -1.751910000000000134e-01 1.048817000000000110e+00 7.562000000000000145e-03 -7.418600000000000194e-02
3.831392758586001701e+00 -3.662684000000000051e+00 -1.422480000000000133e-01 -1.819439999999999946e-01 9.782910000000000217e-01 1.845099999999999865e-02 -6.629300000000000470e-02
3.929633598549745699e+00 -3.570104000000000166e+00 -1.397500000000000131e-01 -1.884659999999999946e-01 9.064799999999999525e-01 3.225200000000000289e-02 -6.784300000000000053e-02
4.027874438513489253e+00 -3.484748000000000179e+00 -1.360129999999999950e-01 -1.953139999999999876e-01 8.271640000000000104e-01 4.123000000000000276e-02 -7.166300000000000447e-02
4.126115278477232806e+00 -3.408204000000000011e+00 -1.319660000000000000e-01 -2.025939999999999963e-01 7.259349999999999969e-01 3.968900000000000206e-02 -7.731799999999999784e-02
4.224356118440976360e+00 -3.342135999999999996e+00 -1.282560000000000089e-01 -2.105660000000000032e-01 6.214969999999999661e-01 3.475799999999999723e-02 -8.557199999999999529e-02
4.322596958404719913e+00 -3.285953999999999819e+00 -1.252719999999999945e-01 -2.194770000000000054e-01 5.218829999999999858e-01 2.469000000000000014e-02 -9.660100000000000631e-02
4.420837798368463467e+00 -3.239806000000000186e+00 -1.235060000000000047e-01 -2.296130000000000115e-01 4.141259999999999941e-01 1.074999999999999914e-02 -1.100779999999999953e-01
4.519078638332207021e+00 -3.204963999999999924e+00 -1.231470000000000065e-01 -2.410829999999999917e-01 2.918569999999999776e-01 -2.889000000000000075e-03 -1.229750000000000010e-01
4.617319478295950574e+00 -3.182735000000000092e+00 -1.239849999999999980e-01 -2.537860000000000116e-01 1.583489999999999898e-01 -1.264799999999999952e-02 -1.365879999999999872e-01
4.715560318259694128e+00 -3.173970999999999876e+00 -1.254429999999999990e-01 -2.680100000000000260e-01 2.030200000000000060e-02 -1.556500000000000071e-02 -1.520660000000000067e-01
4.813801158223438570e+00 -3.178593999999999919e+00 -1.269830000000000125e-01 -2.832910000000000150e-01 -1.114290000000000003e-01 -1.553999999999999999e-02 -1.542399999999999882e-01
4.912041998187182124e+00 -3.195500000000000007e+00 -1.284319999999999906e-01 -2.979859999999999731e-01 -2.295419999999999960e-01 -1.276399999999999930e-02 -1.433039999999999869e-01
5.010282838150925677e+00 -3.223529999999999784e+00 -1.293759999999999910e-01 -3.113949999999999774e-01 -3.419740000000000002e-01 -5.987000000000000134e-03 -1.292049999999999865e-01
5.108523678114669231e+00 -3.263031999999999933e+00 -1.296970000000000067e-01 -3.231959999999999833e-01 -4.659010000000000096e-01 -1.990000000000000015e-03 -1.079959999999999948e-01
5.206764518078412785e+00 -3.315201000000000064e+00 -1.297570000000000112e-01 -3.323329999999999895e-01 -5.942990000000000217e-01 3.118999999999999811e-03 -7.578799999999999426e-02
5.305005358042156338e+00 -3.379410000000000025e+00 -1.288499999999999923e-01 -3.379469999999999974e-01 -7.104059999999999819e-01 1.553299999999999993e-02 -3.815099999999999741e-02
5.403246198005899892e+00 -3.454725999999999964e+00 -1.268100000000000060e-01 -3.399090000000000167e-01 -8.222120000000000539e-01 2.551399999999999849e-02 -3.784000000000000037e-03
5.501487037969643445e+00 -3.540875999999999912e+00 -1.238199999999999995e-01 -3.389699999999999935e-01 -9.291760000000000019e-01 3.545000000000000234e-02 2.196899999999999895e-02
5.599727877933386999e+00 -3.636928999999999856e+00 -1.197809999999999986e-01 -3.351890000000000147e-01 -1.024203999999999892e+00 4.739199999999999663e-02 6.018500000000000238e-02
5.697968717897130553e+00 -3.742116999999999916e+00 -1.144850000000000034e-01 -3.270109999999999961e-01 -1.118343000000000087e+00 6.404100000000000070e-02 1.058619999999999978e-01
5.796209557860874995e+00 -3.856443000000000065e+00 -1.067329999999999945e-01 -3.144029999999999880e-01 -1.197718000000000060e+00 9.318500000000000394e-02 1.514510000000000023e-01
5.894450397824618548e+00 -3.975741999999999887e+00 -9.682599999999999540e-02 -2.972929999999999739e-01 -1.219942000000000082e+00 1.041180000000000022e-01 1.945729999999999960e-01
5.992691237788362102e+00 -4.096244999999999692e+00 -8.612999999999999823e-02 -2.761170000000000013e-01 -1.239705999999999975e+00 1.162920000000000065e-01 2.390140000000000042e-01
6.090932077752105656e+00 -4.219564000000000092e+00 -7.356000000000000039e-02 -2.503879999999999995e-01 -1.269404999999999895e+00 1.406660000000000132e-01 2.806310000000000193e-01
6.189172917715849209e+00 -4.345555000000000057e+00 -5.926399999999999724e-02 -2.216889999999999972e-01 -1.294648999999999939e+00 1.396479999999999944e-01 2.953330000000000122e-01
6.287413757679592763e+00 -4.473920999999999815e+00 -4.674699999999999689e-02 -1.927349999999999897e-01 -1.317093000000000069e+00 1.112220000000000014e-01 2.932299999999999907e-01
6.385654597643336317e+00 -4.603975000000000151e+00 -3.786500000000000282e-02 -1.643310000000000048e-01 -1.327920999999999907e+00 6.712899999999999423e-02 2.805199999999999916e-01
6.483895437607079870e+00 -4.734390999999999572e+00 -3.313200000000000173e-02 -1.380089999999999928e-01 -1.317193999999999976e+00 3.815600000000000241e-02 2.527179999999999982e-01
6.582136277570823424e+00 -4.861946999999999797e+00 -2.973699999999999954e-02 -1.149749999999999939e-01 -1.274143999999999943e+00 3.324499999999999678e-02 2.175459999999999894e-01
6.680377117534566977e+00 -4.984098999999999613e+00 -2.666800000000000073e-02 -9.472600000000000464e-02 -1.203300000000000036e+00 2.607299999999999895e-02 1.983429999999999915e-01
6.778617957498310531e+00 -5.096930999999999656e+00 -2.512100000000000097e-02 -7.579099999999999726e-02 -1.077679999999999971e+00 2.762999999999999831e-03 1.889299999999999868e-01
6.876858797462054973e+00 -5.194613000000000369e+00 -2.572100000000000081e-02 -5.756599999999999911e-02 -9.054590000000000138e-01 -1.000299999999999974e-02 1.802050000000000041e-01
6.975099637425798527e+00 -5.274734999999999729e+00 -2.687099999999999905e-02 -4.077700000000000075e-02 -7.249470000000000081e-01 -1.246200000000000085e-02 1.575229999999999964e-01
7.073340477389542080e+00 -5.337121999999999922e+00 -2.816400000000000153e-02 -2.685799999999999993e-02 -5.482700000000000351e-01 -1.321199999999999979e-02 1.239520000000000066e-01
7.171581317353285634e+00 -5.383086999999999733e+00 -2.954000000000000029e-02 -1.669299999999999951e-02 -3.913590000000000124e-01 -1.917699999999999960e-02 8.270399999999999974e-02
7.269822157317029188e+00 -5.413821999999999690e+00 -3.240799999999999931e-02 -1.021900000000000065e-02 -2.291890000000000038e-01 -4.210900000000000060e-02 5.364499999999999824e-02
7.368062997280772741e+00 -5.427357999999999905e+00 -3.795699999999999769e-02 -6.010999999999999850e-03 -4.474500000000000005e-02 -6.790899999999999714e-02 3.153600000000000153e-02
7.466303837244516295e+00 -5.423394000000000048e+00 -4.490399999999999947e-02 -4.108999999999999805e-03 1.157190000000000024e-01 -6.434099999999999542e-02 3.863000000000000114e-03
7.564544677208259849e+00 -5.405396999999999785e+00 -4.991099999999999703e-02 -5.916000000000000252e-03 2.443049999999999944e-01 -3.504399999999999876e-02 -4.606199999999999878e-02
7.662785517172003402e+00 -5.375943999999999612e+00 -5.220000000000000334e-02 -1.307400000000000055e-02 3.516799999999999926e-01 -1.848999999999999949e-02 -9.547100000000000031e-02
7.761026357135746956e+00 -5.336440999999999768e+00 -5.422899999999999943e-02 -2.432300000000000087e-02 4.498739999999999961e-01 -3.228700000000000320e-02 -1.338399999999999868e-01
7.859267197099491398e+00 -5.288336000000000148e+00 -5.944599999999999884e-02 -3.975800000000000167e-02 5.196020000000000083e-01 -7.655499999999999805e-02 -1.823720000000000063e-01
7.957508037063234951e+00 -5.234537000000000440e+00 -6.915000000000000313e-02 -5.992800000000000210e-02 5.817600000000000549e-01 -1.224879999999999997e-01 -2.226299999999999946e-01
8.055748877026978505e+00 -5.173627999999999894e+00 -8.404100000000000459e-02 -8.265799999999999537e-02 6.551500000000000101e-01 -1.783849999999999880e-01 -2.306429999999999869e-01
8.153989716990722059e+00 -5.106525000000000425e+00 -1.024609999999999965e-01 -1.048869999999999941e-01 7.010570000000000412e-01 -1.754050000000000054e-01 -2.214180000000000037e-01
8.252230556954465612e+00 -5.037293000000000021e+00 -1.172720000000000012e-01 -1.253650000000000042e-01 6.941230000000000455e-01 -1.245180000000000037e-01 -1.851559999999999873e-01
8.350471396918209166e+00 -4.970786999999999622e+00 -1.271899999999999975e-01 -1.409829999999999972e-01 6.597870000000000124e-01 -7.665800000000000392e-02 -1.310050000000000103e-01
8.448712236881952720e+00 -4.907848000000000432e+00 -1.320639999999999870e-01 -1.508059999999999956e-01 6.158620000000000205e-01 -1.869200000000000028e-02 -7.398799999999999821e-02
8.546953076845696273e+00 -4.850169000000000175e+00 -1.299619999999999942e-01 -1.568469999999999864e-01 5.512110000000000065e-01 7.195699999999999319e-02 -6.391600000000000059e-02
8.645193916809439827e+00 -4.800501999999999825e+00 -1.177659999999999957e-01 -1.637790000000000079e-01 4.571569999999999800e-01 1.682869999999999922e-01 -6.601799999999999335e-02
8.743434756773183381e+00 -4.760032999999999959e+00 -9.802700000000000302e-02 -1.684209999999999874e-01 3.686150000000000260e-01 2.265179999999999971e-01 -2.163299999999999945e-02
8.841675596736926934e+00 -4.728229999999999933e+00 -7.363999999999999713e-02 -1.679410000000000069e-01 2.789829999999999810e-01 2.623440000000000216e-01 3.131599999999999662e-02
8.939916436700670488e+00 -4.704946999999999768e+00 -4.768499999999999822e-02 -1.623439999999999883e-01 1.987770000000000092e-01 2.504469999999999752e-01 7.963900000000000146e-02
9.038157276664414042e+00 -4.688621000000000372e+00 -2.540800000000000003e-02 -1.527590000000000059e-01 1.386719999999999897e-01 2.026399999999999868e-01 1.123799999999999938e-01
9.136398116628157595e+00 -4.677379000000000175e+00 -7.591999999999999790e-03 -1.405750000000000055e-01 9.088300000000000545e-02 1.592540000000000067e-01 1.288749999999999896e-01
9.234638956591901149e+00 -4.671293999999999613e+00 5.057999999999999996e-03 -1.281529999999999891e-01 2.466199999999999989e-02 8.964199999999999946e-02 1.203240000000000004e-01
9.332879796555644702e+00 -4.672943000000000069e+00 9.877000000000000363e-03 -1.172269999999999979e-01 -5.625499999999999945e-02 1.287300000000000076e-02 1.011470000000000008e-01
9.431120636519388256e+00 -4.681996999999999964e+00 8.533000000000000654e-03 -1.078350000000000003e-01 -1.253080000000000027e-01 -2.636600000000000055e-02 9.489799999999999625e-02
9.529361476483133586e+00 -4.697308999999999735e+00 5.625999999999999925e-03 -9.835800000000000098e-02 -1.837439999999999907e-01 -3.199400000000000160e-02 9.901300000000000379e-02
9.627602316446877140e+00 -4.717844000000000371e+00 1.977000000000000025e-03 -8.847099999999999409e-02 -2.326169999999999904e-01 -4.443799999999999834e-02 9.790699999999999403e-02
9.725843156410620693e+00 -4.742659999999999876e+00 -3.052000000000000025e-03 -7.966199999999999670e-02 -2.688300000000000134e-01 -5.554200000000000109e-02 7.341300000000000603e-02
9.824083996374364247e+00 -4.770608000000000182e+00 -8.486000000000000487e-03 -7.512699999999999934e-02 -2.964760000000000173e-01 -5.116699999999999721e-02 1.440499999999999940e-02
