0.000000000000000000e+00 -9.771568999999999505e+00 -1.500000000000000038e-05 -4.629999999999999784e-04 2.007620000000000182e+00 -2.390000000000000089e-04 -8.094999999999999765e-03
2.279967928902263130e-01 -9.542268999999999224e+00 -5.500000000000000196e-05 -1.845999999999999985e-03 2.014871999999999996e+00 -3.449999999999999833e-04 -1.649700000000000125e-02
4.559935857804526260e-01 -9.312184000000000239e+00 -9.399999999999999448e-05 -4.224000000000000324e-03 2.020932000000000173e+00 -4.279999999999999950e-04 -2.550900000000000042e-02
6.839903786706789113e-01 -9.081502999999999659e+00 -1.520000000000000084e-04 -7.662000000000000408e-03 2.025497000000000103e+00 -6.880000000000000265e-04 -3.504399999999999876e-02
9.119871715609052520e-01 -8.850377999999999190e+00 -2.509999999999999753e-04 -1.221399999999999916e-02 2.028134000000000103e+00 -1.123000000000000083e-03 -4.498699999999999921e-02
1.139983964451131593e+00 -8.619094999999999729e+00 -4.079999999999999968e-04 -1.791900000000000090e-02 2.029017000000000071e+00 -1.688000000000000047e-03 -5.520599999999999813e-02
1.367980757341357823e+00 -8.387767999999999446e+00 -6.359999999999999551e-04 -2.479999999999999913e-02 2.028525999999999829e+00 -2.285000000000000139e-03 -6.557699999999999640e-02
1.595977550231584274e+00 -8.156598000000000681e+00 -9.290000000000000297e-04 -3.287000000000000338e-02 2.024964000000000208e+00 -2.727999999999999956e-03 -7.598799999999999999e-02
1.823974343121810504e+00 -7.926083000000000212e+00 -1.257000000000000088e-03 -4.212500000000000272e-02 2.017618999999999829e+00 -2.907999999999999995e-03 -8.630899999999999683e-02
2.051971136012036734e+00 -7.696587000000000067e+00 -1.592000000000000099e-03 -5.254799999999999749e-02 2.006422999999999845e+00 -2.232000000000000043e-03 -9.639699999999999658e-02
2.279967928902263186e+00 -7.468625000000000291e+00 -1.765999999999999992e-03 -6.410399999999999432e-02 1.990386999999999906e+00 1.399999999999999979e-05 -1.060880000000000017e-01
2.507964721792489637e+00 -7.242784999999999584e+00 -1.588999999999999918e-03 -7.673599999999999866e-02 1.970666999999999947e+00 4.142999999999999981e-03 -1.152200000000000030e-01
2.735961514682715645e+00 -7.019319000000000308e+00 -8.220000000000000310e-04 -9.037299999999999500e-02 1.948177999999999965e+00 1.048600000000000053e-02 -1.236759999999999943e-01
2.963958307572942097e+00 -6.798606999999999623e+00 8.019999999999999785e-04 -1.049339999999999995e-01 1.923435000000000006e+00 1.916700000000000001e-02 -1.314120000000000010e-01
3.191955100463168549e+00 -6.580782000000000131e+00 3.547999999999999939e-03 -1.203349999999999975e-01 1.898018999999999901e+00 3.007400000000000004e-02 -1.385029999999999872e-01
3.419951893353394556e+00 -6.365865000000000329e+00 7.657999999999999877e-03 -1.365119999999999945e-01 1.873085000000000111e+00 4.287500000000000339e-02 -1.451739999999999975e-01
3.647948686243621008e+00 -6.153724999999999667e+00 1.332299999999999977e-02 -1.534339999999999871e-01 1.847863000000000033e+00 5.706699999999999967e-02 -1.518059999999999965e-01
3.875945479133847460e+00 -5.944557999999999787e+00 2.066899999999999987e-02 -1.711229999999999973e-01 1.821298000000000084e+00 7.205599999999999505e-02 -1.588799999999999935e-01
4.103942272024073468e+00 -5.738475000000000215e+00 2.975200000000000067e-02 -1.896579999999999933e-01 1.793867000000000100e+00 8.727600000000000635e-02 -1.668459999999999943e-01
4.331939064914299919e+00 -5.535561999999999649e+00 4.056799999999999989e-02 -2.091639999999999888e-01 1.765384000000000064e+00 1.023219999999999963e-01 -1.759680000000000133e-01
4.559935857804526371e+00 -5.335973000000000077e+00 5.308100000000000318e-02 -2.297780000000000100e-01 1.735956000000000055e+00 1.170329999999999981e-01 -1.861980000000000024e-01
4.787932650694752823e+00 -5.139770000000000394e+00 6.725100000000000522e-02 -2.516160000000000063e-01 1.705907000000000062e+00 1.314849999999999908e-01 -1.971459999999999879e-01
5.015929443584979275e+00 -4.947032000000000096e+00 8.305899999999999395e-02 -2.747269999999999990e-01 1.674921000000000104e+00 1.459370000000000112e-01 -2.081739999999999979e-01
5.243926236475204838e+00 -4.757893000000000150e+00 1.005240000000000022e-01 -2.990789999999999837e-01 1.642781999999999965e+00 1.607389999999999930e-01 -2.185320000000000040e-01
5.471923029365431290e+00 -4.572483000000000075e+00 1.197069999999999940e-01 -3.245520000000000072e-01 1.609123000000000081e+00 1.761139999999999928e-01 -2.273630000000000095e-01
5.699919822255657742e+00 -4.391017999999999866e+00 1.406779999999999975e-01 -3.509169999999999789e-01 1.571954999999999991e+00 1.917740000000000000e-01 -2.334019999999999984e-01
5.927916615145884194e+00 -4.214082000000000328e+00 1.634309999999999929e-01 -3.777670000000000194e-01 1.528825000000000101e+00 2.065480000000000094e-01 -2.346290000000000042e-01
6.155913408036110646e+00 -4.042450999999999794e+00 1.877699999999999925e-01 -4.044119999999999937e-01 1.478858000000000006e+00 2.188489999999999880e-01 -2.288409999999999889e-01
6.383910200926337097e+00 -3.876907000000000103e+00 2.133279999999999899e-01 -4.299419999999999908e-01 1.422088000000000019e+00 2.282839999999999869e-01 -2.155330000000000024e-01
6.611906993816562661e+00 -3.718218999999999941e+00 2.398180000000000034e-01 -4.535529999999999839e-01 1.358726000000000100e+00 2.368190000000000017e-01 -1.966269999999999962e-01
6.839903786706789113e+00 -3.567121999999999904e+00 2.673220000000000041e-01 -4.747720000000000273e-01 1.290075000000000083e+00 2.477509999999999990e-01 -1.753319999999999879e-01
7.067900579597015565e+00 -3.424085999999999963e+00 2.963049999999999851e-01 -4.935280000000000222e-01 1.218882000000000021e+00 2.633320000000000105e-01 -1.542360000000000120e-01
7.295897372487242016e+00 -3.289220999999999950e+00 3.273610000000000131e-01 -5.099369999999999736e-01 1.147477999999999998e+00 2.837270000000000070e-01 -1.340699999999999947e-01
7.523894165377468468e+00 -3.162465000000000082e+00 3.609930000000000083e-01 -5.240949999999999775e-01 1.077403000000000111e+00 3.079060000000000130e-01 -1.143890000000000046e-01
7.751890958267694920e+00 -3.043576999999999977e+00 3.975620000000000265e-01 -5.360169999999999657e-01 1.008361999999999981e+00 3.346999999999999975e-01 -9.454500000000000404e-02
7.979887751157921372e+00 -2.932561999999999891e+00 4.373040000000000260e-01 -5.456509999999999971e-01 9.388600000000000279e-01 3.630929999999999991e-01 -7.411500000000000032e-02
8.207884544048146935e+00 -2.829520000000000035e+00 4.803459999999999952e-01 -5.529150000000000453e-01 8.675650000000000306e-01 3.921180000000000221e-01 -5.301399999999999862e-02
8.435881336938374275e+00 -2.734758999999999940e+00 5.267060000000000075e-01 -5.577379999999999560e-01 7.932310000000000194e-01 4.206980000000000164e-01 -3.153799999999999659e-02
8.663878129828599839e+00 -2.648665999999999965e+00 5.762639999999999985e-01 -5.601059999999999928e-01 7.147759999999999669e-01 4.477309999999999901e-01 -1.040400000000000005e-02
8.891874922718825403e+00 -2.571792999999999996e+00 6.287869999999999848e-01 -5.601110000000000255e-01 6.313330000000000330e-01 4.720889999999999809e-01 9.294999999999999443e-03
9.119871715609052742e+00 -2.504723999999999950e+00 6.838990000000000347e-01 -5.579870000000000108e-01 5.433430000000000204e-01 4.921510000000000051e-01 2.630800000000000152e-02
9.347868508499278306e+00 -2.447912000000000088e+00 7.409959999999999880e-01 -5.541120000000000489e-01 4.516950000000000132e-01 5.066340000000000288e-01 3.955199999999999688e-02
9.575865301389505646e+00 -2.401739000000000068e+00 7.994099999999999540e-01 -5.489690000000000403e-01 3.574600000000000000e-01 5.147859999999999658e-01 4.841999999999999776e-02
9.803862094279731210e+00 -2.366413000000000100e+00 8.583650000000000446e-01 -5.430730000000000279e-01 2.620279999999999831e-01 5.161249999999999449e-01 5.289300000000000251e-02
1.003185888716995855e+01 -2.341997000000000106e+00 9.170850000000000390e-01 -5.369089999999999696e-01 1.664239999999999886e-01 5.108110000000000150e-01 5.346700000000000064e-02
1.025985568006018411e+01 -2.328469000000000122e+00 9.748280000000000278e-01 -5.308829999999999938e-01 7.106400000000000217e-02 4.991539999999999866e-01 5.093099999999999711e-02
1.048785247295040968e+01 -2.325794999999999835e+00 1.030890000000000084e+00 -5.252970000000000139e-01 -2.419999999999999929e-02 4.812969999999999748e-01 4.612499999999999933e-02
1.071584926584063702e+01 -2.333985999999999894e+00 1.084562000000000026e+00 -5.203659999999999952e-01 -1.198030000000000067e-01 4.571930000000000160e-01 3.982200000000000323e-02
1.094384605873086258e+01 -2.353108999999999895e+00 1.135129000000000055e+00 -5.162179999999999547e-01 -2.159989999999999966e-01 4.259350000000000080e-01 3.282199999999999701e-02
1.117184285162108992e+01 -2.383233000000000157e+00 1.181673999999999891e+00 -5.128829999999999778e-01 -3.122750000000000248e-01 3.858929999999999860e-01 2.619300000000000100e-02
1.139983964451131548e+01 -2.424307000000000212e+00 1.223111000000000059e+00 -5.102459999999999773e-01 -4.068439999999999834e-01 3.359710000000000196e-01 2.123399999999999940e-02
1.162783643740154282e+01 -2.475992000000000193e+00 1.258273999999999893e+00 -5.080419999999999936e-01 -4.969109999999999916e-01 2.764340000000000130e-01 1.875999999999999890e-02
1.185583323029176839e+01 -2.537600999999999996e+00 1.286137000000000086e+00 -5.059690000000000021e-01 -5.800410000000000288e-01 2.091310000000000113e-01 1.824900000000000133e-02
1.208383002318199395e+01 -2.608239999999999892e+00 1.305955999999999895e+00 -5.038810000000000233e-01 -6.557220000000000271e-01 1.361209999999999920e-01 1.805800000000000113e-02
1.231182681607222129e+01 -2.687104000000000159e+00 1.317172999999999927e+00 -5.018519999999999648e-01 -7.250240000000000018e-01 5.810900000000000093e-02 1.656600000000000086e-02
1.253982360896244685e+01 -2.773543000000000092e+00 1.319204000000000043e+00 -5.001039999999999930e-01 -7.887469999999999759e-01 -2.600699999999999887e-02 1.311200000000000039e-02
1.276782040185267419e+01 -2.866934999999999789e+00 1.311242999999999936e+00 -4.988620000000000276e-01 -8.467540000000000067e-01 -1.185589999999999977e-01 8.623999999999999722e-03
1.299581719474289976e+01 -2.966600000000000126e+00 1.292173000000000016e+00 -4.981380000000000252e-01 -8.974860000000000060e-01 -2.214689999999999992e-01 6.403999999999999970e-03
1.322381398763312532e+01 -3.071559000000000150e+00 1.260748999999999898e+00 -4.974020000000000108e-01 -9.384679999999999689e-01 -3.333499999999999797e-01 1.197499999999999953e-02
1.345181078052335266e+01 -3.180568000000000062e+00 1.216169999999999973e+00 -4.954069999999999863e-01 -9.687059999999999560e-01 -4.509219999999999895e-01 2.875799999999999884e-02
1.367980757341357823e+01 -3.292421000000000042e+00 1.157939999999999969e+00 -4.908449999999999758e-01 -9.928799999999999848e-01 -5.748290000000000344e-01 5.270899999999999891e-02
1.390780436630380557e+01 -3.406941000000000219e+00 1.085110999999999937e+00 -4.833899999999999864e-01 -1.021876000000000007e+00 -7.031800000000000272e-01 7.501800000000000135e-02
1.413580115919403113e+01 -3.525405999999999818e+00 9.976169999999999760e-01 -4.737410000000000232e-01 -1.062556000000000056e+00 -8.249389999999999779e-01 9.000199999999999867e-02
1.436379795208425847e+01 -3.649201000000000139e+00 8.970280000000000475e-01 -4.628700000000000037e-01 -1.105396000000000045e+00 -9.244160000000000155e-01 9.507999999999999785e-02
1.459179474497448403e+01 -3.777432000000000123e+00 7.868540000000000534e-01 -4.520640000000000214e-01 -1.130970000000000031e+00 -9.862889999999999713e-01 8.500499999999999723e-02
1.481979153786470960e+01 -3.907058000000000142e+00 6.721570000000000045e-01 -4.434890000000000221e-01 -1.127253999999999978e+00 -9.985089999999999799e-01 5.664399999999999991e-02
1.504778833075493694e+01 -4.034442000000000306e+00 5.591970000000000551e-01 -4.391490000000000116e-01 -1.095812999999999926e+00 -9.575540000000000163e-01 1.409200000000000036e-02
1.527578512364516250e+01 -4.156900000000000261e+00 4.538380000000000192e-01 -4.402760000000000007e-01 -1.045028999999999986e+00 -8.731440000000000312e-01 -3.275999999999999746e-02
1.550378191653538984e+01 -4.272706000000000337e+00 3.601230000000000264e-01 -4.466180000000000150e-01 -9.812429999999999763e-01 -7.628059999999999841e-01 -7.046299999999999786e-02
1.573177870942561540e+01 -4.380620000000000402e+00 2.799200000000000021e-01 -4.563409999999999966e-01 -9.053480000000000416e-01 -6.448249999999999815e-01 -9.124899999999999678e-02
1.595977550231584274e+01 -4.479122000000000270e+00 2.131049999999999889e-01 -4.674229999999999774e-01 -8.130009999999999737e-01 -5.322919999999999874e-01 -9.758400000000000407e-02
1.618777229520606653e+01 -4.565981999999999985e+00 1.585590000000000055e-01 -4.785900000000000154e-01 -7.006980000000000430e-01 -4.297759999999999914e-01 -9.398600000000000010e-02
1.641576908809629387e+01 -4.638879000000000197e+00 1.151169999999999971e-01 -4.888509999999999800e-01 -5.733530000000000015e-01 -3.375429999999999819e-01 -8.222799999999999554e-02
1.664376588098652121e+01 -4.696704999999999686e+00 8.160100000000000686e-02 -4.973369999999999735e-01 -4.412059999999999871e-01 -2.553059999999999774e-01 -6.465999999999999526e-02
1.687176267387674855e+01 -4.739473000000000269e+00 5.690800000000000025e-02 -5.035939999999999861e-01 -3.091409999999999991e-01 -1.808099999999999985e-01 -4.343600000000000239e-02
1.709975946676697234e+01 -4.767187999999999981e+00 4.037700000000000317e-02 -5.072410000000000529e-01 -1.751639999999999864e-01 -1.113910000000000039e-01 -1.774399999999999936e-02
1.732775625965719968e+01 -4.779410000000000380e+00 3.151199999999999835e-02 -5.076389999999999514e-01 -3.586000000000000298e-02 -4.943499999999999978e-02 1.446099999999999990e-02
1.755575305254742702e+01 -4.775363999999999720e+00 2.910499999999999893e-02 -5.039439999999999475e-01 1.089920000000000055e-01 -2.805999999999999901e-03 5.322899999999999854e-02
1.778374984543765081e+01 -4.754559999999999675e+00 3.087200000000000014e-02 -4.955030000000000268e-01 2.520930000000000115e-01 2.436599999999999877e-02 9.604400000000000437e-02
1.801174663832787814e+01 -4.717888000000000304e+00 3.466099999999999737e-02 -4.820459999999999745e-01 3.787530000000000063e-01 4.029400000000000343e-02 1.416370000000000129e-01
1.823974343121810548e+01 -4.668205000000000382e+00 4.005899999999999739e-02 -4.632100000000000106e-01 4.761150000000000104e-01 6.142899999999999749e-02 1.894500000000000073e-01
1.846774022410833282e+01 -4.609334999999999738e+00 4.866600000000000092e-02 -4.388520000000000199e-01 5.377480000000000038e-01 9.579899999999999527e-02 2.311040000000000039e-01
1.869573701699855661e+01 -4.545600999999999559e+00 6.190099999999999769e-02 -4.105190000000000228e-01 5.590180000000000149e-01 1.331690000000000096e-01 2.523279999999999967e-01
1.892373380988878395e+01 -4.481880999999999560e+00 7.902900000000000202e-02 -3.813219999999999943e-01 5.406130000000000102e-01 1.566730000000000067e-01 2.478279999999999927e-01
1.915173060277901129e+01 -4.422342999999999691e+00 9.762200000000000044e-02 -3.540150000000000241e-01 4.951729999999999743e-01 1.611859999999999959e-01 2.257500000000000062e-01
1.937972739566923508e+01 -4.368983000000000061e+00 1.157790000000000069e-01 -3.298519999999999786e-01 4.440250000000000030e-01 1.588189999999999880e-01 1.995959999999999956e-01
1.960772418855946242e+01 -4.321106000000000336e+00 1.338320000000000065e-01 -3.085080000000000044e-01 3.996350000000000180e-01 1.696960000000000135e-01 1.775039999999999951e-01
