0.000000000000000000e+00 -9.938105000000000189e+00 -1.699999999999999987e-05 1.399999999999999979e-05 2.000459000000000209e+00 -1.101999999999999898e-03 9.229999999999999923e-04
6.188785111483705720e-02 -9.876196000000000197e+00 -6.799999999999999946e-05 5.700000000000000314e-05 2.000525999999999804e+00 -2.151000000000000134e-03 1.853999999999999962e-03
1.237757022296741144e-01 -9.814296000000000575e+00 -1.510000000000000112e-04 1.289999999999999914e-04 1.999678999999999984e+00 -3.007999999999999823e-03 2.765000000000000097e-03
1.856635533445111785e-01 -9.752439999999999998e+00 -2.539999999999999940e-04 2.280000000000000126e-04 1.998121000000000036e+00 -3.612000000000000193e-03 3.641999999999999838e-03
2.475514044593482288e-01 -9.690637000000000612e+00 -3.739999999999999835e-04 3.539999999999999853e-04 1.996509000000000089e+00 -4.137000000000000052e-03 4.407999999999999592e-03
3.094392555741852791e-01 -9.628880000000000550e+00 -5.100000000000000366e-04 5.010000000000000347e-04 1.995409999999999906e+00 -4.745000000000000086e-03 4.903000000000000240e-03
3.713271066890223571e-01 -9.567145000000000010e+00 -6.679999999999999740e-04 6.579999999999999478e-04 1.995390999999999915e+00 -5.473999999999999699e-03 5.112000000000000224e-03
4.332149578038593796e-01 -9.505390000000000228e+00 -8.490000000000000368e-04 8.170000000000000179e-04 1.996162999999999910e+00 -6.205999999999999711e-03 5.407000000000000348e-03
4.951028089186964576e-01 -9.443607000000000085e+00 -1.051999999999999984e-03 9.920000000000000432e-04 1.996885999999999939e+00 -6.826999999999999735e-03 6.056999999999999884e-03
5.569906600335334801e-01 -9.381807000000000230e+00 -1.271999999999999910e-03 1.191999999999999917e-03 1.997284000000000059e+00 -7.308000000000000260e-03 6.982999999999999624e-03
6.188785111483705581e-01 -9.319998999999999256e+00 -1.503999999999999912e-03 1.423999999999999919e-03 1.997476999999999947e+00 -7.646000000000000019e-03 8.063999999999999987e-03
6.807663622632076361e-01 -9.258186999999999500e+00 -1.745000000000000023e-03 1.691000000000000012e-03 1.997586000000000084e+00 -7.912000000000000630e-03 9.204999999999999641e-03
7.426542133780447141e-01 -9.196372999999999465e+00 -1.994000000000000113e-03 1.994000000000000113e-03 1.997139999999999915e+00 -8.118000000000000216e-03 1.021400000000000086e-02
8.045420644928817921e-01 -9.134589000000000070e+00 -2.246999999999999865e-03 2.322999999999999978e-03 1.995703000000000005e+00 -8.101000000000000562e-03 1.130699999999999934e-02
8.664299156077187591e-01 -9.072862999999999900e+00 -2.494999999999999822e-03 2.694000000000000214e-03 1.992885999999999935e+00 -7.884000000000000383e-03 1.285299999999999984e-02
9.283177667225558372e-01 -9.011252999999999957e+00 -2.735000000000000018e-03 3.118999999999999811e-03 1.988645999999999914e+00 -7.598999999999999852e-03 1.446300000000000016e-02
9.902056178373929152e-01 -8.949790000000000134e+00 -2.965000000000000187e-03 3.589000000000000176e-03 1.983660999999999897e+00 -6.779999999999999569e-03 1.610800000000000079e-02
1.052093468952229882e+00 -8.888488999999999862e+00 -3.154999999999999818e-03 4.115999999999999867e-03 1.978064999999999962e+00 -5.216000000000000150e-03 1.784300000000000122e-02
1.113981320067066960e+00 -8.827372000000000440e+00 -3.288000000000000124e-03 4.693000000000000123e-03 1.972556999999999894e+00 -3.527000000000000187e-03 1.922899999999999957e-02
1.175869171181904038e+00 -8.766410999999999731e+00 -3.373000000000000130e-03 5.305999999999999953e-03 1.968175999999999926e+00 -2.161000000000000160e-03 2.054699999999999929e-02
1.237757022296741116e+00 -8.705565999999999249e+00 -3.422000000000000128e-03 5.964999999999999816e-03 1.964839999999999920e+00 -1.255000000000000039e-03 2.218399999999999886e-02
1.299644873411578194e+00 -8.644811999999999941e+00 -3.451000000000000074e-03 6.679000000000000041e-03 1.962396000000000029e+00 -1.033999999999999980e-03 2.330300000000000080e-02
1.361532724526415272e+00 -8.584117000000000886e+00 -3.485999999999999949e-03 7.407000000000000389e-03 1.960811000000000082e+00 -1.495999999999999934e-03 2.313700000000000132e-02
1.423420575641252350e+00 -8.523460999999999288e+00 -3.543000000000000142e-03 8.111000000000000154e-03 1.959511999999999921e+00 -2.167000000000000089e-03 2.211799999999999877e-02
1.485308426756089428e+00 -8.462847000000000008e+00 -3.619999999999999954e-03 8.776000000000000814e-03 1.957737000000000060e+00 -2.863999999999999792e-03 2.080500000000000058e-02
1.547196277870926506e+00 -8.402300999999999576e+00 -3.720999999999999915e-03 9.398000000000000104e-03 1.955257000000000023e+00 -3.707999999999999925e-03 1.953399999999999928e-02
1.609084128985763584e+00 -8.341841000000000506e+00 -3.850000000000000124e-03 9.985000000000000819e-03 1.952396000000000020e+00 -4.407999999999999592e-03 1.851099999999999968e-02
1.670971980100600440e+00 -8.281472000000000833e+00 -3.993000000000000022e-03 1.054399999999999955e-02 1.949314999999999909e+00 -4.494999999999999864e-03 1.771500000000000158e-02
1.732859831215437518e+00 -8.221201999999999899e+00 -4.127999999999999725e-03 1.108100000000000057e-02 1.945635000000000003e+00 -3.933999999999999997e-03 1.703899999999999859e-02
1.794747682330274596e+00 -8.161060000000000869e+00 -4.237000000000000315e-03 1.159800000000000067e-02 1.940957000000000043e+00 -3.164999999999999845e-03 1.650300000000000031e-02
1.856635533445111674e+00 -8.101079999999999615e+00 -4.323999999999999719e-03 1.210199999999999991e-02 1.935097999999999985e+00 -2.449999999999999921e-03 1.609500000000000167e-02
1.918523384559948752e+00 -8.041301000000000698e+00 -4.388000000000000407e-03 1.259399999999999929e-02 1.927925000000000111e+00 -1.956999999999999972e-03 1.552000000000000081e-02
1.980411235674785830e+00 -7.981765000000000221e+00 -4.445000000000000166e-03 1.306299999999999996e-02 1.919991999999999921e+00 -1.632999999999999903e-03 1.480099999999999992e-02
2.042299086789622908e+00 -7.922476999999999769e+00 -4.488999999999999935e-03 1.350999999999999944e-02 1.911575999999999942e+00 -1.097000000000000102e-03 1.431699999999999987e-02
2.104186937904459764e+00 -7.863462000000000174e+00 -4.512999999999999651e-03 1.394899999999999959e-02 1.902101999999999959e+00 -4.739999999999999747e-04 1.393999999999999927e-02
2.166074789019297064e+00 -7.804759999999999920e+00 -4.518999999999999580e-03 1.437300000000000036e-02 1.891750000000000043e+00 -2.039999999999999984e-04 1.345299999999999968e-02
2.227962640134133920e+00 -7.746385000000000076e+00 -4.525000000000000376e-03 1.478100000000000074e-02 1.881140000000000034e+00 -6.430000000000000169e-04 1.315500000000000003e-02
2.289850491248971220e+00 -7.688340000000000174e+00 -4.558999999999999685e-03 1.518700000000000085e-02 1.870278000000000107e+00 -1.943999999999999981e-03 1.329400000000000026e-02
2.351738342363808076e+00 -7.630638000000000254e+00 -4.645999999999999956e-03 1.560399999999999981e-02 1.858694000000000068e+00 -4.198000000000000342e-03 1.380100000000000077e-02
2.413626193478645376e+00 -7.573310000000000208e+00 -4.818000000000000234e-03 1.604099999999999970e-02 1.846651000000000042e+00 -7.294000000000000136e-03 1.443299999999999965e-02
2.475514044593482232e+00 -7.516352999999999618e+00 -5.096999999999999968e-03 1.649700000000000125e-02 1.835202999999999918e+00 -1.061100000000000064e-02 1.476799999999999988e-02
2.537401895708319532e+00 -7.459732999999999947e+00 -5.474999999999999832e-03 1.695500000000000132e-02 1.824754999999999905e+00 -1.377399999999999979e-02 1.461699999999999978e-02
2.599289746823156388e+00 -7.403423000000000087e+00 -5.949000000000000295e-03 1.740200000000000080e-02 1.814961000000000046e+00 -1.701300000000000034e-02 1.435999999999999950e-02
2.661177597937993244e+00 -7.347408999999999857e+00 -6.527999999999999949e-03 1.784399999999999875e-02 1.805268000000000095e+00 -2.056399999999999895e-02 1.448999999999999941e-02
2.723065449052830544e+00 -7.291698000000000235e+00 -7.222000000000000121e-03 1.829899999999999929e-02 1.795215999999999923e+00 -2.405699999999999852e-02 1.510899999999999917e-02
2.784953300167667400e+00 -7.236307000000000045e+00 -8.016999999999999821e-03 1.877900000000000055e-02 1.785080999999999918e+00 -2.718299999999999883e-02 1.594200000000000131e-02
2.846841151282504701e+00 -7.181224000000000274e+00 -8.904000000000000456e-03 1.928500000000000006e-02 1.775222000000000078e+00 -3.024100000000000052e-02 1.659700000000000064e-02
2.908729002397341556e+00 -7.126441999999999943e+00 -9.887999999999999221e-03 1.980600000000000069e-02 1.765449999999999964e+00 -3.340800000000000020e-02 1.681399999999999909e-02
2.970616853512178857e+00 -7.071964000000000361e+00 -1.097200000000000085e-02 2.032600000000000032e-02 1.755686999999999998e+00 -3.666599999999999721e-02 1.656099999999999933e-02
3.032504704627015713e+00 -7.017787000000000219e+00 -1.215800000000000040e-02 2.083099999999999882e-02 1.745994999999999964e+00 -4.003899999999999820e-02 1.602400000000000005e-02
3.094392555741853013e+00 -6.963907999999999987e+00 -1.345000000000000015e-02 2.131800000000000014e-02 1.736377999999999977e+00 -4.361899999999999805e-02 1.548700000000000077e-02
3.156280406856689869e+00 -6.910326000000000413e+00 -1.485700000000000041e-02 2.179000000000000034e-02 1.726618999999999904e+00 -4.751400000000000068e-02 1.521499999999999936e-02
3.218168257971527169e+00 -6.857051000000000229e+00 -1.638999999999999832e-02 2.225900000000000101e-02 1.715724000000000027e+00 -5.126800000000000107e-02 1.525699999999999973e-02
3.280056109086364025e+00 -6.804142999999999830e+00 -1.803000000000000089e-02 2.273400000000000074e-02 1.703256000000000103e+00 -5.369999999999999774e-02 1.522699999999999922e-02
3.341943960201200881e+00 -6.751640000000000086e+00 -1.971399999999999889e-02 2.320200000000000040e-02 1.690496999999999916e+00 -5.497400000000000203e-02 1.465699999999999989e-02
3.403831811316038181e+00 -6.699521999999999977e+00 -2.143199999999999966e-02 2.364099999999999882e-02 1.678255000000000052e+00 -5.629900000000000182e-02 1.347199999999999960e-02
3.465719662430875037e+00 -6.647776999999999603e+00 -2.319799999999999987e-02 2.403500000000000081e-02 1.666080999999999923e+00 -5.804499999999999937e-02 1.195300000000000008e-02
3.527607513545712337e+00 -6.596411999999999942e+00 -2.502400000000000110e-02 2.438099999999999989e-02 1.653353000000000073e+00 -6.009300000000000058e-02 1.053399999999999996e-02
3.589495364660549193e+00 -6.545454000000000327e+00 -2.691699999999999995e-02 2.468700000000000061e-02 1.639672999999999936e+00 -6.217199999999999810e-02 9.782000000000000764e-03
3.651383215775386493e+00 -6.494936000000000043e+00 -2.887199999999999836e-02 2.498600000000000126e-02 1.625048000000000048e+00 -6.389799999999999647e-02 1.026499999999999982e-02
3.713271066890223349e+00 -6.444882999999999917e+00 -3.087099999999999914e-02 2.532299999999999829e-02 1.609620999999999968e+00 -6.481699999999999962e-02 1.202399999999999997e-02
3.775158918005060649e+00 -6.395319999999999894e+00 -3.288300000000000251e-02 2.572999999999999940e-02 1.593220000000000081e+00 -6.456699999999999939e-02 1.426299999999999964e-02
3.837046769119897505e+00 -6.346282000000000423e+00 -3.486700000000000216e-02 2.620499999999999913e-02 1.575890000000000013e+00 -6.327900000000000191e-02 1.591499999999999859e-02
3.898934620234734805e+00 -6.297792000000000279e+00 -3.679999999999999938e-02 2.671499999999999916e-02 1.557865999999999973e+00 -6.199099999999999749e-02 1.657399999999999846e-02
3.960822471349571661e+00 -6.249869000000000341e+00 -3.870400000000000229e-02 2.723100000000000173e-02 1.539231999999999934e+00 -6.139100000000000112e-02 1.653599999999999862e-02
4.022710322464408961e+00 -6.155738000000000376e+00 -4.247100000000000181e-02 2.823900000000000021e-02 1.504239000000000104e+00 -6.001999999999999696e-02 1.612699999999999897e-02
4.084598173579245817e+00 -6.063602999999999632e+00 -4.612399999999999833e-02 2.923500000000000057e-02 1.473789000000000016e+00 -5.809999999999999887e-02 1.623499999999999943e-02
4.146486024694082673e+00 -5.973310999999999815e+00 -4.968999999999999806e-02 3.025999999999999870e-02 1.444377000000000022e+00 -5.780400000000000121e-02 1.699300000000000116e-02
4.208373875808919529e+00 -5.884790999999999883e+00 -5.331199999999999828e-02 3.133999999999999980e-02 1.416905999999999999e+00 -5.957300000000000095e-02 1.790599999999999831e-02
4.270261726923757273e+00 -5.797907000000000366e+00 -5.707000000000000267e-02 3.247400000000000286e-02 1.390913999999999984e+00 -6.159200000000000091e-02 1.819600000000000037e-02
4.332149578038594129e+00 -5.712670000000000137e+00 -6.090199999999999780e-02 3.353300000000000031e-02 1.362694000000000072e+00 -6.180000000000000077e-02 1.568599999999999856e-02
4.394037429153430985e+00 -5.629260999999999626e+00 -6.468100000000000238e-02 3.443399999999999933e-02 1.332600000000000007e+00 -5.948099999999999915e-02 1.367900000000000019e-02
4.455925280268267841e+00 -5.547772000000000148e+00 -6.821299999999999586e-02 3.524999999999999661e-02 1.300337999999999994e+00 -5.379500000000000254e-02 1.331899999999999924e-02
4.517813131383105585e+00 -5.468313000000000201e+00 -7.130400000000000627e-02 3.610200000000000214e-02 1.267196999999999907e+00 -4.622500000000000220e-02 1.378799999999999991e-02
4.579700982497942441e+00 -5.390946999999999711e+00 -7.396400000000000197e-02 3.690700000000000230e-02 1.232386999999999899e+00 -4.032499999999999973e-02 1.200099999999999952e-02
4.641588833612779297e+00 -5.315794999999999604e+00 -7.632899999999999407e-02 3.761699999999999766e-02 1.196738000000000079e+00 -3.622100000000000319e-02 1.166700000000000029e-02
4.703476684727616153e+00 -5.242791000000000423e+00 -7.844199999999999784e-02 3.839900000000000257e-02 1.162123000000000017e+00 -3.198800000000000254e-02 1.421399999999999920e-02
4.765364535842453009e+00 -5.172045999999999921e+00 -8.029500000000000526e-02 3.938200000000000034e-02 1.123188999999999993e+00 -2.784400000000000069e-02 1.737599999999999908e-02
4.827252386957290753e+00 -5.103740000000000165e+00 -8.185900000000000121e-02 4.053299999999999959e-02 1.084786999999999946e+00 -2.223400000000000029e-02 1.916400000000000048e-02
4.889140238072127609e+00 -5.037812999999999874e+00 -8.302900000000000558e-02 4.170499999999999902e-02 1.043539999999999912e+00 -1.544700000000000066e-02 1.834399999999999920e-02
4.951028089186964465e+00 -4.974670999999999843e+00 -8.377700000000000424e-02 4.277399999999999952e-02 9.972220000000000528e-01 -9.051000000000000018e-03 1.538899999999999990e-02
5.012915940301801321e+00 -4.914341000000000292e+00 -8.418399999999999495e-02 4.358299999999999674e-02 9.527430000000000065e-01 -4.582000000000000135e-03 1.048999999999999932e-02
5.074803791416639065e+00 -4.856781999999999933e+00 -8.436599999999999655e-02 4.406299999999999800e-02 9.060909999999999798e-01 -1.920000000000000049e-03 5.389999999999999826e-03
5.136691642531475921e+00 -4.802251000000000047e+00 -8.446700000000000041e-02 4.429700000000000304e-02 8.558050000000000379e-01 -1.998999999999999909e-03 2.784000000000000016e-03
5.198579493646312777e+00 -4.750859000000000165e+00 -8.464800000000000102e-02 4.443199999999999927e-02 8.043350000000000222e-01 -4.200999999999999873e-03 2.047000000000000208e-03
5.260467344761149633e+00 -4.702764000000000166e+00 -8.498600000000000598e-02 4.456800000000000345e-02 7.496300000000000185e-01 -6.334000000000000220e-03 2.635000000000000189e-03
5.322355195875986489e+00 -4.658061000000000007e+00 -8.538999999999999369e-02 4.479600000000000248e-02 6.940129999999999910e-01 -5.952999999999999958e-03 5.000000000000000104e-03
5.384243046990824233e+00 -4.616964000000000290e+00 -8.570800000000000640e-02 4.513899999999999857e-02 6.337519999999999820e-01 -4.414999999999999654e-03 4.976000000000000388e-03
5.446130898105661089e+00 -4.579576000000000313e+00 -8.592500000000000138e-02 4.537499999999999867e-02 5.750100000000000211e-01 -2.311999999999999819e-03 2.357000000000000154e-03
5.508018749220497945e+00 -4.545772000000000368e+00 -8.598400000000000487e-02 4.541699999999999904e-02 5.175750000000000073e-01 4.539999999999999765e-04 -1.371000000000000040e-03
5.569906600335334801e+00 -4.515507999999999633e+00 -8.586799999999999988e-02 4.515999999999999875e-02 4.602220000000000200e-01 3.311000000000000141e-03 -7.938999999999999876e-03
5.631794451450172545e+00 -4.488870999999999611e+00 -8.554900000000000004e-02 4.439499999999999696e-02 3.998090000000000255e-01 7.636999999999999691e-03 -1.695100000000000079e-02
5.693682302565009401e+00 -4.466009999999999813e+00 -8.491200000000000137e-02 4.306299999999999711e-02 3.395050000000000012e-01 1.271899999999999940e-02 -2.607500000000000095e-02
5.755570153679846257e+00 -4.446830000000000283e+00 -8.399099999999999622e-02 4.114999999999999908e-02 2.799740000000000006e-01 1.715399999999999911e-02 -3.562200000000000089e-02
5.817458004794683113e+00 -4.431347999999999843e+00 -8.275299999999999323e-02 3.870599999999999735e-02 2.215999999999999914e-01 2.324999999999999983e-02 -4.293899999999999800e-02
5.879345855909520857e+00 -4.419344999999999857e+00 -8.113199999999999579e-02 3.583100000000000174e-02 1.664039999999999964e-01 2.802899999999999836e-02 -4.968700000000000200e-02
5.941233707024357713e+00 -4.410741999999999940e+00 -7.934499999999999886e-02 3.257299999999999779e-02 1.114269999999999983e-01 2.964100000000000068e-02 -5.592500000000000249e-02
6.003121558139194569e+00 -4.405611999999999639e+00 -7.744299999999999795e-02 2.885800000000000171e-02 5.384599999999999803e-02 3.203600000000000197e-02 -6.496200000000000585e-02
6.065009409254031425e+00 -4.404043999999999848e+00 -7.538200000000000456e-02 2.449099999999999888e-02 -2.579999999999999828e-03 3.481399999999999773e-02 -7.674499999999999378e-02
6.126897260368868281e+00 -4.405930999999999820e+00 -7.309599999999999431e-02 1.934400000000000008e-02 -6.019499999999999851e-02 3.875599999999999878e-02 -8.916100000000000414e-02
6.188785111483706025e+00 -4.411694999999999922e+00 -7.070099999999999996e-02 1.350600000000000064e-02 -1.287810000000000066e-01 3.685399999999999787e-02 -9.943699999999999761e-02
6.250672962598542881e+00 -4.421958000000000055e+00 -6.854399999999999382e-02 7.104000000000000072e-03 -2.028919999999999890e-01 3.373500000000000110e-02 -1.046460000000000029e-01
6.312560813713379737e+00 -4.436842000000000397e+00 -6.646900000000000031e-02 6.610000000000000207e-04 -2.787789999999999990e-01 3.352700000000000125e-02 -1.035449999999999982e-01
6.374448664828216593e+00 -4.456455000000000055e+00 -6.440400000000000291e-02 -5.795999999999999937e-03 -3.556460000000000177e-01 3.398600000000000232e-02 -1.071710000000000024e-01
6.436336515943054337e+00 -4.481028000000000233e+00 -6.212299999999999767e-02 -1.267099999999999997e-02 -4.418110000000000093e-01 4.160699999999999815e-02 -1.139619999999999939e-01
6.498224367057891193e+00 -4.511173000000000322e+00 -5.929000000000000242e-02 -1.981600000000000028e-02 -5.306760000000000366e-01 4.815300000000000136e-02 -1.174889999999999962e-01
6.560112218172728049e+00 -4.546588999999999992e+00 -5.629200000000000176e-02 -2.736799999999999997e-02 -6.115110000000000268e-01 4.731199999999999989e-02 -1.292659999999999920e-01
6.622000069287564905e+00 -4.586693000000000353e+00 -5.341599999999999820e-02 -3.578300000000000231e-02 -6.820939999999999781e-01 4.629300000000000082e-02 -1.385730000000000017e-01
6.683887920402401761e+00 -4.630950000000000344e+00 -5.055300000000000071e-02 -4.434400000000000147e-02 -7.473800000000000443e-01 4.661200000000000065e-02 -1.390859999999999874e-01
6.745775771517239505e+00 -4.679078999999999766e+00 -4.764199999999999685e-02 -5.302899999999999975e-02 -8.057419999999999582e-01 4.691700000000000037e-02 -1.414670000000000094e-01
6.807663622632076361e+00 -4.730453999999999937e+00 -4.474500000000000005e-02 -6.197899999999999937e-02 -8.489970000000000017e-01 4.693300000000000249e-02 -1.500249999999999917e-01
6.869551473746913217e+00 -4.783898999999999901e+00 -4.193600000000000105e-02 -7.162599999999999523e-02 -8.745169999999999888e-01 4.151099999999999929e-02 -1.592349999999999877e-01
6.931439324861750073e+00 -4.838646999999999920e+00 -3.965699999999999781e-02 -8.151899999999999424e-02 -8.999610000000000110e-01 3.123400000000000135e-02 -1.570529999999999982e-01
6.993327175976587817e+00 -4.895626000000000033e+00 -3.817399999999999960e-02 -9.081300000000000483e-02 -9.422199999999999465e-01 1.705399999999999971e-02 -1.401600000000000068e-01
7.055215027091424673e+00 -4.955123000000000388e+00 -3.730399999999999688e-02 -9.876500000000000556e-02 -9.760429999999999939e-01 1.333999999999999943e-02 -1.149270000000000014e-01
7.117102878206261529e+00 -5.016034999999999577e+00 -3.661600000000000271e-02 -1.047150000000000025e-01 -9.867059999999999720e-01 6.439000000000000279e-03 -7.560500000000000553e-02
7.178990729321098385e+00 -5.077192000000000149e+00 -3.663299999999999890e-02 -1.084269999999999956e-01 -9.920600000000000529e-01 -6.492000000000000375e-03 -4.940599999999999853e-02
7.240878580435936129e+00 -5.138879000000000197e+00 -3.726200000000000345e-02 -1.108719999999999983e-01 -9.990440000000000431e-01 -1.235600000000000066e-02 -2.740499999999999881e-02
7.302766431550772985e+00 -5.200540000000000163e+00 -3.808799999999999686e-02 -1.117739999999999984e-01 -9.871950000000000447e-01 -1.287100000000000050e-02 -3.740999999999999968e-03
7.364654282665609841e+00 -5.260731999999999964e+00 -3.891800000000000120e-02 -1.115740000000000065e-01 -9.546320000000000361e-01 -1.544799999999999993e-02 8.056000000000000660e-03
7.426542133780446697e+00 -5.318692999999999671e+00 -3.985799999999999760e-02 -1.106889999999999957e-01 -9.185020000000000406e-01 -1.261100000000000068e-02 2.269099999999999936e-02
7.488429984895283553e+00 -5.374174000000000007e+00 -4.058500000000000302e-02 -1.087039999999999951e-01 -8.712149999999999617e-01 -1.255399999999999919e-02 4.211199999999999666e-02
7.550317836010121297e+00 -5.426671999999999940e+00 -4.136900000000000299e-02 -1.053889999999999966e-01 -8.304089999999999527e-01 -1.292399999999999972e-02 6.746000000000000607e-02
7.612205687124958153e+00 -5.477069000000000187e+00 -4.230799999999999839e-02 -1.002249999999999946e-01 -7.946779999999999955e-01 -1.800200000000000064e-02 9.917700000000000127e-02
7.674093538239795009e+00 -5.524839000000000055e+00 -4.349800000000000194e-02 -9.321699999999999431e-02 -7.494129999999999958e-01 -2.001999999999999960e-02 1.241369999999999973e-01
7.735981389354631865e+00 -5.569657000000000302e+00 -4.483899999999999691e-02 -8.502400000000000235e-02 -6.926139999999999519e-01 -2.239299999999999971e-02 1.405039999999999900e-01
7.797869240469469609e+00 -5.610439999999999650e+00 -4.615400000000000058e-02 -7.585100000000000176e-02 -6.256599999999999939e-01 -1.811600000000000016e-02 1.539969999999999950e-01
7.859757091584306465e+00 -5.646973000000000020e+00 -4.691499999999999837e-02 -6.596000000000000474e-02 -5.515750000000000375e-01 -5.159999999999999656e-03 1.683820000000000039e-01
7.921644942699143321e+00 -5.678730999999999973e+00 -4.685700000000000282e-02 -5.489999999999999741e-02 -4.830949999999999966e-01 7.981999999999999512e-03 1.886660000000000004e-01
7.983532793813980177e+00 -5.707419999999999938e+00 -4.576500000000000012e-02 -4.284099999999999714e-02 -4.482610000000000205e-01 2.448900000000000035e-02 1.980139999999999956e-01
8.045420644928817921e+00 -5.734058000000000099e+00 -4.418799999999999811e-02 -3.027799999999999936e-02 -4.092359999999999887e-01 2.456300000000000150e-02 2.068419999999999981e-01
8.107308496043653889e+00 -5.757965000000000444e+00 -4.265700000000000047e-02 -1.740799999999999986e-02 -3.601530000000000009e-01 2.280499999999999888e-02 2.130219999999999891e-01
8.169196347158491633e+00 -5.778507000000000282e+00 -4.169799999999999895e-02 -3.716999999999999818e-03 -3.031170000000000253e-01 6.518999999999999621e-03 2.265139999999999931e-01
8.231084198273329378e+00 -5.795367999999999853e+00 -4.179000000000000076e-02 1.033399999999999944e-02 -2.390410000000000035e-01 -1.095400000000000020e-02 2.231009999999999938e-01
8.292972049388165345e+00 -5.807960999999999707e+00 -4.310499999999999748e-02 2.368200000000000166e-02 -1.661350000000000049e-01 -2.461800000000000099e-02 2.069819999999999993e-01
8.354859900503003090e+00 -5.815755000000000230e+00 -4.416199999999999987e-02 3.598900000000000016e-02 -8.895899999999999641e-02 -4.978999999999999919e-03 1.911789999999999878e-01
8.416747751617839057e+00 -5.819535000000000124e+00 -4.388299999999999840e-02 4.742699999999999694e-02 -3.897799999999999876e-02 8.835000000000000839e-03 1.790859999999999952e-01
8.478635602732676801e+00 -5.820570000000000022e+00 -4.332799999999999846e-02 5.805300000000000044e-02 9.261000000000000135e-03 7.579999999999999932e-03 1.631440000000000112e-01
8.540523453847514546e+00 -5.818163000000000196e+00 -4.302999999999999881e-02 6.756399999999999906e-02 6.793399999999999439e-02 -4.440000000000000045e-04 1.420690000000000008e-01
8.602411304962350513e+00 -5.812396999999999814e+00 -4.349499999999999894e-02 7.552799999999999792e-02 1.134769999999999945e-01 -1.659899999999999917e-02 1.137959999999999944e-01
8.664299156077188258e+00 -5.804422999999999888e+00 -4.521700000000000025e-02 8.162400000000000211e-02 1.414179999999999882e-01 -3.883500000000000146e-02 8.352500000000000202e-02
8.726187007192024225e+00 -5.794836000000000098e+00 -4.805399999999999949e-02 8.586299999999999488e-02 1.715599999999999903e-01 -4.686099999999999988e-02 5.078699999999999881e-02
8.788074858306861969e+00 -5.782948000000000199e+00 -5.063999999999999752e-02 8.764199999999999768e-02 2.139629999999999865e-01 -3.394799999999999901e-02 7.276000000000000349e-03
8.849962709421699714e+00 -5.768621999999999694e+00 -5.253800000000000137e-02 8.701499999999999513e-02 2.463770000000000127e-01 -3.526900000000000174e-02 -2.794299999999999909e-02
8.911850560536535681e+00 -5.752228999999999814e+00 -5.517799999999999788e-02 8.393000000000000460e-02 2.871250000000000191e-01 -4.629699999999999788e-02 -7.015299999999999314e-02
8.973738411651373426e+00 -5.733132000000000339e+00 -5.809500000000000081e-02 7.875899999999999568e-02 3.256720000000000170e-01 -4.873600000000000154e-02 -9.386200000000000099e-02
9.035626262766211170e+00 -5.712176999999999616e+00 -6.116800000000000015e-02 7.234100000000000252e-02 3.497020000000000128e-01 -4.877499999999999891e-02 -1.087840000000000057e-01
9.097514113881047138e+00 -5.689951999999999899e+00 -6.413800000000000057e-02 6.587099999999999900e-02 3.662650000000000072e-01 -4.848399999999999932e-02 -9.229999999999999316e-02
9.159401964995884882e+00 -5.667106000000000421e+00 -6.722200000000000397e-02 6.095899999999999930e-02 3.649330000000000074e-01 -5.231999999999999845e-02 -7.189399999999999957e-02
9.221289816110720849e+00 -5.645063999999999638e+00 -7.072299999999999420e-02 5.660500000000000254e-02 3.479140000000000010e-01 -6.374299999999999411e-02 -6.959700000000000608e-02
9.283177667225558594e+00 -5.623997000000000135e+00 -7.530000000000000582e-02 5.242000000000000132e-02 3.300259999999999860e-01 -8.545899999999999330e-02 -6.769100000000000117e-02
9.345065518340396338e+00 -5.604377000000000386e+00 -8.133400000000000352e-02 4.806200000000000055e-02 3.055649999999999755e-01 -1.083709999999999951e-01 -7.317200000000000093e-02
9.406953369455232306e+00 -5.586233000000000004e+00 -8.852599999999999358e-02 4.332699999999999746e-02 2.766040000000000165e-01 -1.186379999999999935e-01 -8.362200000000000188e-02
9.468841220570070050e+00 -5.570311000000000234e+00 -9.567499999999999616e-02 3.764399999999999691e-02 2.329749999999999877e-01 -1.120099999999999985e-01 -9.682799999999999740e-02
9.530729071684906017e+00 -5.557768000000000264e+00 -1.024820000000000036e-01 3.147599999999999704e-02 1.730549999999999866e-01 -1.060480000000000034e-01 -1.004300000000000054e-01
9.592616922799743762e+00 -5.548434000000000310e+00 -1.085969999999999991e-01 2.541600000000000109e-02 1.329619999999999969e-01 -9.185799999999999521e-02 -9.511100000000000110e-02
9.654504773914581506e+00 -5.541444000000000258e+00 -1.138730000000000020e-01 1.962900000000000061e-02 8.797199999999999465e-02 -7.703599999999999337e-02 -9.101099999999999468e-02
9.716392625029417474e+00 -5.537819999999999965e+00 -1.181019999999999986e-01 1.424699999999999925e-02 2.761299999999999866e-02 -5.928800000000000042e-02 -8.214699999999999780e-02
9.778280476144255218e+00 -5.538024000000000058e+00 -1.212929999999999980e-01 9.476999999999999313e-03 -3.334299999999999764e-02 -4.418199999999999905e-02 -7.446999999999999453e-02
9.840168327259092962e+00 -5.541897999999999769e+00 -1.233820000000000056e-01 4.997999999999999839e-03 -9.130199999999999427e-02 -2.017400000000000096e-02 -6.187100000000000238e-02
9.902056178373928930e+00 -5.549182000000000059e+00 -1.236280000000000018e-01 2.353000000000000057e-03 -1.399769999999999903e-01 1.662900000000000142e-02 -2.302500000000000033e-02
