0.000000000000000000e+00 -9.832145000000000579e+00 -1.710000000000000094e-04 -2.570000000000000127e-04 1.996585000000000054e+00 -4.054000000000000312e-03 -6.089999999999999927e-03
1.679894733193164069e-01 -9.664595000000000269e+00 -6.809999999999999647e-04 -1.023000000000000038e-03 1.989036999999999944e+00 -8.028000000000000413e-03 -1.198300000000000060e-02
3.359789466386328138e-01 -9.498008000000000450e+00 -1.518999999999999951e-03 -2.269999999999999882e-03 1.973730999999999902e+00 -1.128200000000000036e-02 -1.655099999999999974e-02
5.039684199579492763e-01 -9.169990000000000308e+00 -3.670999999999999784e-03 -5.369999999999999774e-03 1.929535999999999918e+00 -1.205299999999999948e-02 -1.762299999999999978e-02
6.719578932772656277e-01 -8.849655999999999523e+00 -5.172999999999999647e-03 -7.849999999999999339e-03 1.885598000000000107e+00 -3.576000000000000185e-03 -1.078699999999999971e-02
8.399473665965819791e-01 -8.536179000000000627e+00 -4.524000000000000243e-03 -8.963000000000000481e-03 1.847104999999999997e+00 1.310500000000000033e-02 -2.784000000000000016e-03
1.007936839915898553e+00 -8.229444000000000869e+00 -5.779999999999999548e-04 -8.656999999999999765e-03 1.800594999999999946e+00 3.382000000000000284e-02 1.001699999999999986e-02
1.175926313235214904e+00 -7.931421000000000276e+00 6.732000000000000137e-03 -4.771000000000000067e-03 1.751268000000000047e+00 5.289699999999999958e-02 3.987600000000000172e-02
1.343915786554531255e+00 -7.640050999999999704e+00 1.717700000000000130e-02 5.080999999999999579e-03 1.723964000000000052e+00 7.108000000000000429e-02 7.814200000000000312e-02
1.511905259873847607e+00 -7.351322999999999830e+00 3.047199999999999909e-02 2.132699999999999874e-02 1.714944999999999942e+00 8.659699999999999342e-02 1.123620000000000035e-01
1.679894733193163958e+00 -7.064352000000000409e+00 4.646299999999999736e-02 4.207799999999999735e-02 1.697899000000000047e+00 1.064060000000000006e-01 1.297709999999999975e-01
1.847884206512480532e+00 -6.781013999999999875e+00 6.650499999999999468e-02 6.426900000000000668e-02 1.676325000000000065e+00 1.318149999999999877e-01 1.318979999999999875e-01
2.015873679831797105e+00 -6.500980000000000203e+00 9.045400000000000662e-02 8.610900000000000498e-02 1.658555000000000001e+00 1.510710000000000108e-01 1.269240000000000090e-01
2.183863153151113234e+00 -6.223639999999999617e+00 1.168970000000000009e-01 1.067840000000000039e-01 1.643801000000000068e+00 1.617089999999999916e-01 1.188509999999999983e-01
2.351852626470429808e+00 -5.948642999999999681e+00 1.444539999999999991e-01 1.260390000000000121e-01 1.630230000000000068e+00 1.644339999999999968e-01 1.107240000000000030e-01
2.519842099789745937e+00 -5.676052000000000319e+00 1.718040000000000123e-01 1.440919999999999979e-01 1.612802999999999987e+00 1.591529999999999889e-01 1.048649999999999999e-01
2.687831573109062511e+00 -5.407524999999999693e+00 1.976390000000000091e-01 1.613100000000000089e-01 1.577347999999999972e+00 1.475869999999999960e-01 9.942800000000000249e-02
2.855821046428379084e+00 -5.147293000000000340e+00 2.215070000000000094e-01 1.772289999999999976e-01 1.515721000000000096e+00 1.387460000000000082e-01 8.834899999999999698e-02
3.023810519747695214e+00 -4.898717999999999684e+00 2.447130000000000138e-01 1.907570000000000099e-01 1.442722999999999978e+00 1.400490000000000068e-01 7.156700000000000561e-02
3.191799993067011787e+00 -4.662620000000000431e+00 2.689449999999999896e-01 2.010959999999999970e-01 1.367480000000000029e+00 1.504959999999999909e-01 5.050299999999999928e-02
3.359789466386327916e+00 -4.439765999999999657e+00 2.954720000000000124e-01 2.075319999999999943e-01 1.280143999999999949e+00 1.639609999999999956e-01 2.422200000000000047e-02
3.527778939705644490e+00 -4.233323999999999643e+00 3.232999999999999763e-01 2.087120000000000086e-01 1.176422999999999996e+00 1.627939999999999943e-01 -1.375900000000000040e-02
3.695768413024961063e+00 -4.044297000000000253e+00 3.497370000000000201e-01 2.023890000000000133e-01 1.075725000000000042e+00 1.509119999999999906e-01 -6.398900000000000421e-02
3.863757886344277193e+00 -3.871736999999999984e+00 3.739359999999999906e-01 1.868789999999999896e-01 9.783859999999999779e-01 1.369950000000000057e-01 -1.219879999999999992e-01
4.031747359663594210e+00 -3.715920000000000112e+00 3.957319999999999727e-01 1.614849999999999897e-01 8.737500000000000266e-01 1.221649999999999958e-01 -1.762650000000000050e-01
4.199736832982909895e+00 -3.578453000000000106e+00 4.148789999999999978e-01 1.287639999999999896e-01 7.633640000000000425e-01 1.047150000000000025e-01 -2.086800000000000044e-01
4.367726306302226469e+00 -3.459257000000000026e+00 4.306409999999999960e-01 9.154299999999999937e-02 6.563039999999999985e-01 8.073900000000000521e-02 -2.349410000000000109e-01
4.535715779621543042e+00 -3.357978999999999825e+00 4.415140000000000176e-01 4.975000000000000255e-02 5.475039999999999907e-01 4.501299999999999746e-02 -2.627129999999999743e-01
4.703705252940859616e+00 -3.276352000000000153e+00 4.451450000000000129e-01 3.357000000000000175e-03 4.144669999999999743e-01 -4.198000000000000342e-03 -2.879079999999999973e-01
4.871694726260176189e+00 -3.219981999999999900e+00 4.398290000000000255e-01 -4.638400000000000162e-02 2.529779999999999807e-01 -6.066699999999999871e-02 -2.988210000000000033e-01
5.039684199579491874e+00 -3.191956999999999933e+00 4.248000000000000109e-01 -9.583400000000000252e-02 7.707999999999999574e-02 -1.143229999999999941e-01 -2.825420000000000154e-01
5.207673672898808448e+00 -3.194252999999999787e+00 4.023809999999999887e-01 -1.405119999999999980e-01 -1.029499999999999998e-01 -1.493599999999999928e-01 -2.479959999999999942e-01
5.375663146218125021e+00 -3.226380999999999943e+00 3.745560000000000000e-01 -1.791830000000000089e-01 -2.809900000000000175e-01 -1.841720000000000024e-01 -2.124540000000000040e-01
5.543652619537441595e+00 -3.289311000000000096e+00 3.400170000000000137e-01 -2.117779999999999940e-01 -4.738840000000000274e-01 -2.299110000000000043e-01 -1.738540000000000085e-01
5.711642092856758168e+00 -3.386661000000000143e+00 2.969249999999999945e-01 -2.370929999999999982e-01 -6.896569999999999645e-01 -2.839579999999999882e-01 -1.242469999999999963e-01
5.879631566176073854e+00 -3.521024999999999849e+00 2.448980000000000046e-01 -2.532920000000000171e-01 -9.049509999999999499e-01 -3.323650000000000215e-01 -6.954200000000000659e-02
6.047621039495390427e+00 -3.689300999999999942e+00 1.855400000000000105e-01 -2.606709999999999861e-01 -1.086861999999999995e+00 -3.757780000000000009e-01 -2.004999999999999838e-02
6.215610512814707000e+00 -3.883782000000000068e+00 1.178570000000000034e-01 -2.607519999999999838e-01 -1.216190000000000104e+00 -4.322699999999999876e-01 1.208099999999999972e-02
6.383599986134023574e+00 -4.096470000000000056e+00 4.147900000000000198e-02 -2.576590000000000269e-01 -1.310200000000000031e+00 -4.641719999999999735e-01 2.147800000000000056e-02
6.551589459453340147e+00 -4.323142999999999958e+00 -3.561999999999999889e-02 -2.537179999999999991e-01 -1.379545999999999939e+00 -4.403859999999999997e-01 2.324299999999999977e-02
6.719578932772655833e+00 -4.557756999999999614e+00 -1.055959999999999954e-01 -2.509350000000000191e-01 -1.399432999999999927e+00 -3.911589999999999789e-01 5.989000000000000400e-03
6.887568406091972406e+00 -4.790231000000000350e+00 -1.656819999999999959e-01 -2.506610000000000227e-01 -1.341992999999999991e+00 -3.086149999999999727e-01 6.895000000000000087e-03
7.055557879411288980e+00 -5.003979000000000177e+00 -2.066560000000000064e-01 -2.482199999999999962e-01 -1.184857000000000049e+00 -1.692029999999999923e-01 1.908199999999999827e-02
7.223547352730605553e+00 -5.187973000000000390e+00 -2.216160000000000074e-01 -2.444590000000000096e-01 -1.012578999999999896e+00 -7.969999999999999654e-03 2.685799999999999993e-02
7.391536826049922126e+00 -5.345324999999999882e+00 -2.104949999999999877e-01 -2.391320000000000112e-01 -8.658150000000000013e-01 1.270080000000000098e-01 3.590200000000000335e-02
7.559526299369238700e+00 -5.478519999999999612e+00 -1.807429999999999870e-01 -2.323570000000000080e-01 -7.051899999999999835e-01 2.236849999999999949e-01 4.623700000000000032e-02
7.727515772688554385e+00 -5.579663000000000039e+00 -1.363910000000000122e-01 -2.231400000000000050e-01 -4.959930000000000172e-01 2.907620000000000204e-01 6.847300000000000608e-02
7.895505246007870959e+00 -5.646092999999999584e+00 -8.502400000000000235e-02 -2.081419999999999937e-01 -3.030160000000000076e-01 3.173420000000000130e-01 1.166650000000000048e-01
8.063494719327188420e+00 -5.682506000000000057e+00 -2.885499999999999871e-02 -1.830859999999999987e-01 -1.350659999999999916e-01 3.611980000000000190e-01 1.858889999999999987e-01
8.231484192646503217e+00 -5.692426000000000208e+00 3.769499999999999934e-02 -1.451099999999999890e-01 1.459300000000000007e-02 4.335990000000000122e-01 2.702350000000000030e-01
8.399473665965819791e+00 -5.676919999999999966e+00 1.156060000000000004e-01 -9.144199999999999551e-02 1.808750000000000080e-01 4.780829999999999802e-01 3.717219999999999969e-01
8.567463139285136364e+00 -5.629260000000000375e+00 1.954289999999999916e-01 -2.097200000000000106e-02 3.949150000000000160e-01 4.576109999999999900e-01 4.543289999999999829e-01
8.735452612604452938e+00 -5.544162000000000035e+00 2.674210000000000198e-01 5.896499999999999658e-02 6.129010000000000291e-01 3.877760000000000096e-01 4.882500000000000173e-01
8.903442085923769511e+00 -5.425417000000000378e+00 3.236580000000000013e-01 1.417150000000000076e-01 7.845529999999999449e-01 2.762499999999999956e-01 4.885959999999999748e-01
9.071431559243086085e+00 -5.284156000000000297e+00 3.604249999999999954e-01 2.214009999999999867e-01 8.670670000000000321e-01 1.620739999999999958e-01 4.424609999999999932e-01
9.239421032562402658e+00 -5.138382000000000005e+00 3.779910000000000214e-01 2.862580000000000124e-01 8.624239999999999684e-01 4.937300000000000022e-02 3.103150000000000075e-01
9.407410505881719232e+00 -4.993506000000000000e+00 3.780720000000000192e-01 3.240970000000000240e-01 8.631290000000000351e-01 -4.008899999999999963e-02 1.388280000000000070e-01
9.575399979201035805e+00 -4.850074000000000218e+00 3.655010000000000203e-01 3.336709999999999954e-01 8.271699999999999608e-01 -1.063349999999999990e-01 -1.985999999999999918e-02
9.743389452520352378e+00 -4.718167000000000222e+00 3.435000000000000275e-01 3.183460000000000178e-01 7.329210000000000447e-01 -1.454600000000000060e-01 -1.557000000000000051e-01
