0.000000000000000000e+00 -9.922057999999999822e+00 1.399999999999999979e-05 9.999999999999999547e-07 1.998391000000000028e+00 7.380000000000000492e-04 3.399999999999999973e-05
7.797380635234310575e-02 -9.844177999999999429e+00 5.800000000000000034e-05 3.000000000000000076e-06 1.996919000000000111e+00 1.431999999999999896e-03 1.999999999999999909e-06
1.559476127046862115e-01 -9.766349999999999199e+00 1.259999999999999998e-04 9.999999999999999547e-07 1.995684999999999931e+00 2.036000000000000049e-03 -1.740000000000000010e-04
2.339214190570293173e-01 -9.610818000000000083e+00 3.249999999999999851e-04 -4.300000000000000165e-05 1.993872000000000089e+00 2.962999999999999922e-03 -1.265000000000000065e-03
3.118952254093724230e-01 -9.455405000000000726e+00 5.760000000000000146e-04 -2.320000000000000014e-04 1.991916999999999938e+00 3.301999999999999814e-03 -4.026000000000000065e-03
3.898690317617155010e-01 -9.300295999999999452e+00 8.369999999999999619e-04 -6.440000000000000412e-04 1.985489999999999977e+00 3.579999999999999849e-03 -5.523000000000000131e-03
4.678428381140586345e-01 -9.145766999999999314e+00 1.149999999999999981e-03 -1.048000000000000103e-03 1.978364000000000011e+00 4.539999999999999765e-03 -4.847999999999999879e-03
5.458166444664017680e-01 -8.991775999999999769e+00 1.549000000000000030e-03 -1.412000000000000061e-03 1.971154000000000073e+00 5.759000000000000230e-03 -4.611999999999999780e-03
6.237904508187448460e-01 -8.838409999999999656e+00 2.053999999999999836e-03 -1.771000000000000005e-03 1.962037999999999949e+00 7.198000000000000405e-03 -4.506999999999999722e-03
7.017642571710879240e-01 -8.685850999999999544e+00 2.661999999999999870e-03 -2.090999999999999977e-03 1.950650999999999913e+00 8.064999999999999253e-03 -3.272999999999999868e-03
7.797380635234310020e-01 -8.534200999999999482e+00 3.279999999999999930e-03 -2.262000000000000122e-03 1.939532000000000034e+00 7.598999999999999852e-03 -1.276000000000000007e-03
8.577118698757741910e-01 -8.383352000000000359e+00 3.857999999999999884e-03 -2.327000000000000075e-03 1.929934999999999956e+00 7.527999999999999969e-03 -9.799999999999999684e-04
9.356856762281172690e-01 -8.233238000000000056e+00 4.478000000000000209e-03 -2.471000000000000106e-03 1.919588000000000072e+00 8.685000000000000012e-03 -3.305000000000000212e-03
1.013659482580460347e+00 -8.084129000000000786e+00 5.237999999999999601e-03 -2.814000000000000095e-03 1.903842999999999952e+00 1.119599999999999936e-02 -4.590999999999999595e-03
1.091633288932803536e+00 -7.936380999999999908e+00 6.256000000000000276e-03 -3.163000000000000013e-03 1.884776999999999925e+00 1.512400000000000029e-02 -4.474999999999999811e-03
1.169607095285146503e+00 -7.790331000000000117e+00 7.562000000000000145e-03 -3.504999999999999869e-03 1.859647999999999968e+00 1.726700000000000110e-02 -3.837000000000000133e-03
1.247580901637489692e+00 -7.646482999999999919e+00 8.840000000000000635e-03 -3.709000000000000057e-03 1.829051999999999900e+00 1.410199999999999995e-02 -6.440000000000000412e-04
1.325554707989832881e+00 -7.505119999999999791e+00 9.690000000000000696e-03 -3.559000000000000098e-03 1.797004000000000046e+00 7.583999999999999596e-03 4.661000000000000212e-03
1.403528514342175848e+00 -7.366207000000000171e+00 1.004700000000000037e-02 -3.004999999999999859e-03 1.766474000000000100e+00 1.868000000000000086e-03 8.965000000000000746e-03
1.481502320694519037e+00 -7.229682000000000386e+00 9.993000000000000146e-03 -2.177000000000000116e-03 1.734658999999999951e+00 -3.106999999999999953e-03 1.299900000000000014e-02
1.559476127046862004e+00 -7.095648999999999873e+00 9.589999999999999566e-03 -9.089999999999999773e-04 1.704401999999999973e+00 -6.424000000000000023e-03 1.994100000000000039e-02
1.637449933399205193e+00 -6.963841000000000392e+00 9.088000000000000592e-03 9.499999999999999981e-04 1.676231000000000027e+00 -5.250999999999999591e-03 2.778399999999999967e-02
1.715423739751548382e+00 -6.834289000000000058e+00 8.836000000000000104e-03 3.409000000000000138e-03 1.646096999999999921e+00 -8.909999999999999734e-04 3.487900000000000028e-02
1.793397546103891349e+00 -6.707161000000000151e+00 8.928000000000000172e-03 6.341000000000000282e-03 1.614957999999999894e+00 2.765999999999999796e-03 3.977800000000000086e-02
1.871371352456234538e+00 -6.582389000000000046e+00 9.249000000000000277e-03 9.596000000000000363e-03 1.586005000000000109e+00 5.510000000000000141e-03 4.385700000000000015e-02
1.949345158808577727e+00 -6.459837000000000273e+00 9.799000000000000418e-03 1.320099999999999919e-02 1.555608000000000102e+00 8.833999999999999839e-03 4.865400000000000280e-02
2.027318965160920694e+00 -6.339993999999999907e+00 1.063799999999999989e-02 1.721299999999999913e-02 1.517049000000000092e+00 1.236699999999999952e-02 5.464000000000000107e-02
2.105292771513263883e+00 -6.223262000000000072e+00 1.165799999999999996e-02 2.165600000000000164e-02 1.477608999999999950e+00 1.262600000000000007e-02 5.791600000000000220e-02
2.183266577865607072e+00 -6.109499999999999709e+00 1.252600000000000068e-02 2.617699999999999888e-02 1.440927999999999987e+00 8.966000000000000011e-03 5.775999999999999884e-02
2.261240384217950261e+00 -5.998523999999999745e+00 1.304199999999999977e-02 3.066400000000000028e-02 1.405996999999999941e+00 4.500999999999999793e-03 5.734999999999999820e-02
2.339214190570293006e+00 -5.890195000000000292e+00 1.325199999999999989e-02 3.511000000000000232e-02 1.373142000000000085e+00 9.240000000000000166e-04 5.635699999999999737e-02
2.417187996922636195e+00 -5.784370000000000012e+00 1.315999999999999982e-02 3.941000000000000059e-02 1.340654000000000012e+00 -3.893000000000000193e-03 5.314499999999999780e-02
2.495161803274979384e+00 -5.681262000000000256e+00 1.261299999999999921e-02 4.332099999999999840e-02 1.301374999999999948e+00 -9.485999999999999641e-03 4.651600000000000179e-02
2.573135609627322573e+00 -5.581559999999999633e+00 1.181300000000000058e-02 4.668200000000000127e-02 1.256062000000000012e+00 -9.615000000000000283e-03 4.013800000000000007e-02
2.651109415979665762e+00 -5.485316000000000081e+00 1.116100000000000078e-02 4.958100000000000007e-02 1.213317999999999897e+00 -6.819999999999999674e-03 3.403300000000000075e-02
2.729083222332008507e+00 -5.392295999999999978e+00 1.077099999999999932e-02 5.197899999999999743e-02 1.173118000000000105e+00 -2.726000000000000124e-03 2.749800000000000161e-02
2.807057028684351696e+00 -5.302357999999999905e+00 1.078999999999999924e-02 5.388199999999999934e-02 1.133089000000000013e+00 3.886000000000000131e-03 2.160499999999999921e-02
2.885030835036694885e+00 -5.215726000000000084e+00 1.135800000000000004e-02 5.537700000000000261e-02 1.087669999999999915e+00 9.518000000000000418e-03 1.723999999999999838e-02
2.963004641389038074e+00 -5.132773000000000252e+00 1.218200000000000012e-02 5.663699999999999984e-02 1.039725999999999928e+00 1.030999999999999972e-02 1.653699999999999962e-02
3.040978447741381263e+00 -5.053594999999999615e+00 1.287400000000000003e-02 5.809299999999999881e-02 9.902809999999999668e-01 7.367000000000000284e-03 2.175200000000000050e-02
3.118952254093724008e+00 -4.978441000000000116e+00 1.339300000000000039e-02 5.999100000000000266e-02 9.369589999999999863e-01 6.742999999999999862e-03 2.604599999999999971e-02
3.196926060446067197e+00 -4.907479000000000369e+00 1.401799999999999921e-02 6.214000000000000079e-02 8.836239999999999650e-01 1.059500000000000025e-02 2.979899999999999910e-02
3.274899866798410386e+00 -4.840626999999999569e+00 1.509800000000000031e-02 6.471499999999999475e-02 8.300579999999999625e-01 1.758300000000000141e-02 3.639599999999999780e-02
3.352873673150753575e+00 -4.778209999999999624e+00 1.676300000000000012e-02 6.775100000000000566e-02 7.678739999999999455e-01 2.389099999999999904e-02 4.011900000000000188e-02
3.430847479503096764e+00 -4.721029999999999838e+00 1.867100000000000010e-02 7.092099999999999793e-02 6.985970000000000235e-01 2.326999999999999902e-02 4.205799999999999816e-02
3.508821285855439953e+00 -4.669245000000000090e+00 2.027999999999999942e-02 7.441599999999999604e-02 6.299460000000000059e-01 1.747399999999999995e-02 4.836499999999999827e-02
3.586795092207782698e+00 -4.622743999999999964e+00 2.140999999999999848e-02 7.846100000000000296e-02 5.632580000000000364e-01 1.159299999999999914e-02 5.463699999999999807e-02
3.664768898560125887e+00 -4.581443000000000154e+00 2.212099999999999830e-02 8.284500000000000197e-02 4.957820000000000005e-01 7.744000000000000015e-03 5.683900000000000063e-02
3.742742704912469076e+00 -4.545331000000000010e+00 2.268099999999999977e-02 8.728099999999999747e-02 4.326289999999999858e-01 6.747000000000000393e-03 5.661100000000000160e-02
3.820716511264812265e+00 -4.513813999999999993e+00 2.316800000000000109e-02 9.165099999999999636e-02 3.769879999999999898e-01 5.836000000000000042e-03 5.512500000000000039e-02
3.898690317617155454e+00 -4.486583999999999683e+00 2.361399999999999957e-02 9.584800000000000264e-02 3.184069999999999956e-01 5.942000000000000233e-03 5.195299999999999918e-02
3.976664123969498199e+00 -4.464513000000000176e+00 2.411200000000000149e-02 9.964699999999999946e-02 2.444070000000000131e-01 6.200999999999999915e-03 4.387300000000000227e-02
4.054637930321841388e+00 -4.448497999999999841e+00 2.444100000000000092e-02 1.026640000000000053e-01 1.671900000000000053e-01 8.090000000000000403e-04 3.417800000000000005e-02
4.132611736674184577e+00 -4.438420999999999950e+00 2.416300000000000045e-02 1.050019999999999981e-01 9.162599999999999911e-02 -9.681999999999999634e-03 2.603700000000000112e-02
4.210585543026527766e+00 -4.434205000000000396e+00 2.284999999999999878e-02 1.068270000000000053e-01 1.480500000000000045e-02 -2.315199999999999897e-02 2.355499999999999955e-02
4.288559349378870955e+00 -4.436289000000000371e+00 2.068700000000000053e-02 1.088709999999999956e-01 -6.880699999999999317e-02 -3.058699999999999961e-02 2.882300000000000140e-02
4.366533155731214144e+00 -4.444827000000000083e+00 1.814500000000000141e-02 1.112500000000000017e-01 -1.479389999999999872e-01 -3.458399999999999669e-02 3.238900000000000112e-02
4.444506962083557333e+00 -4.459216999999999764e+00 1.536000000000000039e-02 1.139219999999999955e-01 -2.199820000000000109e-01 -3.462599999999999706e-02 3.583999999999999686e-02
4.522480768435900522e+00 -4.479046000000000305e+00 1.295499999999999950e-02 1.168619999999999937e-01 -2.871679999999999788e-01 -2.557200000000000098e-02 4.073100000000000331e-02
4.600454574788242823e+00 -4.503967000000000276e+00 1.137299999999999943e-02 1.203869999999999940e-01 -3.547500000000000098e-01 -1.502700000000000043e-02 4.949599999999999833e-02
4.678428381140586012e+00 -4.534761999999999738e+00 1.057199999999999980e-02 1.244979999999999976e-01 -4.384190000000000031e-01 -7.048999999999999710e-03 5.591700000000000143e-02
4.756402187492929201e+00 -4.572283999999999793e+00 1.022400000000000045e-02 1.290479999999999960e-01 -5.219930000000000403e-01 -7.060000000000000303e-04 5.870800000000000324e-02
4.834375993845272390e+00 -4.616162000000000099e+00 1.060099999999999931e-02 1.335280000000000078e-01 -6.034289999999999932e-01 1.040800000000000058e-02 5.531900000000000012e-02
4.912349800197615579e+00 -4.666202000000000183e+00 1.177699999999999927e-02 1.376469999999999916e-01 -6.767480000000000162e-01 1.953299999999999828e-02 5.028200000000000031e-02
4.990323606549958768e+00 -4.721499999999999808e+00 1.368100000000000045e-02 1.414140000000000119e-01 -7.386709999999999665e-01 3.155999999999999778e-02 4.689600000000000019e-02
5.068297412902301957e+00 -4.781096999999999930e+00 1.688900000000000123e-02 1.449149999999999883e-01 -7.892900000000000471e-01 5.007400000000000045e-02 3.979800000000000004e-02
5.146271219254645146e+00 -4.844858000000000331e+00 2.108700000000000158e-02 1.471149999999999958e-01 -8.486209999999999587e-01 5.182300000000000101e-02 1.150200000000000007e-02
5.224245025606988335e+00 -4.913213999999999970e+00 2.495500000000000149e-02 1.468909999999999938e-01 -8.997230000000000505e-01 5.110499999999999765e-02 -1.132299999999999973e-02
5.302218831959331524e+00 -4.984849999999999781e+00 2.918700000000000114e-02 1.457600000000000007e-01 -9.342650000000000121e-01 5.712300000000000016e-02 -1.516400000000000040e-02
5.380192638311674713e+00 -5.058855000000000324e+00 3.366399999999999948e-02 1.443300000000000138e-01 -9.646320000000000450e-01 5.547900000000000054e-02 -2.298199999999999896e-02
5.458166444664017014e+00 -5.135047000000000139e+00 3.827699999999999853e-02 1.422519999999999896e-01 -9.825720000000000010e-01 6.969899999999999707e-02 -3.046499999999999903e-02
5.536140251016360203e+00 -5.211553999999999576e+00 4.432400000000000229e-02 1.395939999999999959e-01 -9.768510000000000248e-01 7.855499999999999983e-02 -3.700500000000000317e-02
5.614114057368703392e+00 -5.287390000000000256e+00 5.024100000000000094e-02 1.364029999999999965e-01 -9.691579999999999639e-01 7.057700000000000085e-02 -4.486300000000000010e-02
5.692087863721046581e+00 -5.362636000000000180e+00 5.509499999999999814e-02 1.327470000000000039e-01 -9.526660000000000128e-01 5.333000000000000240e-02 -5.022299999999999681e-02
5.770061670073389770e+00 -5.435122999999999927e+00 5.870700000000000224e-02 1.283019999999999994e-01 -9.002250000000000529e-01 4.319300000000000223e-02 -6.290400000000000158e-02
5.848035476425732959e+00 -5.502493000000000301e+00 6.191599999999999882e-02 1.232909999999999978e-01 -8.233089999999999575e-01 3.474200000000000205e-02 -6.267799999999999760e-02
5.926009282778076148e+00 -5.563804000000000194e+00 6.398299999999999821e-02 1.186559999999999976e-01 -7.558979999999999588e-01 1.875900000000000137e-02 -5.526199999999999862e-02
6.003983089130419337e+00 -5.620246999999999993e+00 6.481699999999999962e-02 1.145859999999999934e-01 -6.855940000000000367e-01 3.546000000000000107e-03 -5.310100000000000237e-02
6.081956895482762526e+00 -5.670778000000000318e+00 6.476700000000000512e-02 1.099740000000000023e-01 -6.178200000000000358e-01 -1.250000000000000026e-03 -6.782100000000000628e-02
6.159930701835105715e+00 -5.717018000000000377e+00 6.480800000000000449e-02 1.040780000000000038e-01 -5.677250000000000352e-01 1.412999999999999977e-03 -7.907699999999999452e-02
6.237904508187448016e+00 -5.759176000000000073e+00 6.456399999999999639e-02 9.806800000000000239e-02 -5.127730000000000343e-01 -1.141200000000000027e-02 -7.348200000000000565e-02
6.315878314539791205e+00 -5.796893999999999991e+00 6.317399999999999405e-02 9.256999999999999951e-02 -4.552069999999999728e-01 -2.234500000000000028e-02 -6.825900000000000023e-02
6.393852120892134394e+00 -5.830232999999999777e+00 6.094800000000000217e-02 8.728099999999999747e-02 -3.982410000000000116e-01 -3.472900000000000292e-02 -6.684400000000000064e-02
6.471825927244477583e+00 -5.858731999999999829e+00 5.823899999999999910e-02 8.217399999999999705e-02 -3.304469999999999907e-01 -2.797900000000000040e-02 -6.491600000000000148e-02
6.549799733596820772e+00 -5.881784999999999819e+00 5.680500000000000133e-02 7.736800000000000621e-02 -2.580259999999999776e-01 -7.400000000000000328e-03 -5.374799999999999717e-02
6.627773539949163961e+00 -5.898615999999999637e+00 5.702800000000000230e-02 7.378300000000000136e-02 -1.723240000000000050e-01 9.598999999999999894e-03 -4.314199999999999979e-02
6.705747346301507150e+00 -5.908466999999999913e+00 5.803699999999999831e-02 7.019799999999999651e-02 -7.561400000000000066e-02 1.699900000000000022e-02 -5.522900000000000031e-02
6.783721152653850339e+00 -5.910368000000000066e+00 6.016799999999999926e-02 6.486100000000000199e-02 2.374700000000000075e-02 4.111700000000000077e-02 -8.164499999999999535e-02
6.861694959006193528e+00 -5.904840000000000089e+00 6.404899999999999483e-02 5.760500000000000342e-02 1.181740000000000013e-01 4.937699999999999728e-02 -1.007569999999999993e-01
6.939668765358536717e+00 -5.891886999999999652e+00 6.722899999999999709e-02 4.926500000000000323e-02 2.162800000000000000e-01 2.734999999999999931e-02 -1.147320000000000007e-01
7.017642571710879906e+00 -5.871096999999999788e+00 6.809400000000000175e-02 3.997799999999999965e-02 3.110930000000000084e-01 -6.317999999999999831e-03 -1.175370000000000026e-01
7.095616378063222207e+00 -5.844122999999999735e+00 6.668000000000000316e-02 3.101200000000000137e-02 3.720359999999999778e-01 -1.894900000000000057e-02 -1.124819999999999987e-01
7.173590184415565396e+00 -5.813629999999999853e+00 6.561100000000000265e-02 2.254799999999999860e-02 4.028010000000000201e-01 -8.384000000000000827e-03 -1.022990000000000010e-01
7.251563990767908585e+00 -5.781911000000000023e+00 6.535100000000000631e-02 1.519700000000000044e-02 4.082560000000000078e-01 1.900000000000000105e-04 -8.572299999999999365e-02
7.329537797120251774e+00 -5.749757999999999925e+00 6.540899999999999492e-02 9.431999999999999412e-03 4.148850000000000038e-01 -5.140000000000000254e-04 -6.162299999999999722e-02
7.407511603472594963e+00 -5.717967999999999940e+00 6.549199999999999466e-02 5.096999999999999968e-03 3.913710000000000244e-01 8.590999999999999678e-03 -5.550499999999999878e-02
7.485485409824938152e+00 -5.688682000000000016e+00 6.693999999999999950e-02 4.960000000000000216e-04 3.651400000000000201e-01 2.467799999999999855e-02 -6.502199999999999647e-02
7.563459216177281341e+00 -5.660785999999999873e+00 6.891799999999999315e-02 -4.998999999999999971e-03 3.493109999999999826e-01 1.936200000000000074e-02 -7.130799999999999639e-02
7.641433022529624530e+00 -5.634491999999999834e+00 6.943199999999999372e-02 -1.015399999999999983e-02 3.201479999999999881e-01 -8.694999999999999604e-03 -5.659999999999999754e-02
7.719406828881967719e+00 -5.611308000000000185e+00 6.768899999999999917e-02 -1.342999999999999923e-02 2.713329999999999909e-01 -3.036499999999999963e-02 -2.210600000000000065e-02
7.797380635234310908e+00 -5.592291999999999597e+00 6.504200000000000259e-02 -1.383099999999999954e-02 2.144109999999999905e-01 -3.904200000000000031e-02 1.672000000000000092e-03
7.875354441586654097e+00 -5.577942000000000178e+00 6.106799999999999728e-02 -1.390300000000000043e-02 1.600509999999999988e-01 -6.786000000000000365e-02 -4.584999999999999666e-03
7.953328247938996398e+00 -5.566946999999999868e+00 5.481400000000000161e-02 -1.407699999999999924e-02 1.154030000000000056e-01 -8.197000000000000119e-02 5.141999999999999869e-03
8.031302054291339587e+00 -5.560513000000000261e+00 4.898700000000000276e-02 -1.269499999999999969e-02 4.683799999999999769e-02 -6.209300000000000236e-02 3.285099999999999826e-02
8.109275860643682776e+00 -5.559698000000000029e+00 4.513299999999999951e-02 -8.930999999999999703e-03 -2.308999999999999941e-02 -4.504600000000000271e-02 6.767900000000000305e-02
8.187249666996025965e+00 -5.563619000000000092e+00 4.099900000000000072e-02 -1.729999999999999984e-03 -7.291899999999999771e-02 -7.152899999999999536e-02 1.177229999999999943e-01
8.265223473348369154e+00 -5.571112000000000286e+00 3.370700000000000085e-02 9.072000000000000203e-03 -1.242250000000000021e-01 -1.074600000000000000e-01 1.534619999999999873e-01
8.343197279700712343e+00 -5.583220999999999989e+00 2.508499999999999966e-02 2.187199999999999908e-02 -1.817000000000000004e-01 -1.077120000000000022e-01 1.694610000000000005e-01
8.421171086053055532e+00 -5.598925999999999625e+00 1.732600000000000112e-02 3.481999999999999679e-02 -2.171059999999999934e-01 -8.758900000000000019e-02 1.564500000000000057e-01
8.499144892405398721e+00 -5.616698999999999664e+00 1.136099999999999957e-02 4.622300000000000020e-02 -2.331789999999999974e-01 -6.601400000000000323e-02 1.365879999999999872e-01
8.577118698757741910e+00 -5.635114999999999874e+00 7.134999999999999849e-03 5.596099999999999686e-02 -2.380589999999999928e-01 -4.290599999999999969e-02 1.072179999999999939e-01
8.655092505110085099e+00 -5.653232000000000035e+00 4.442999999999999901e-03 6.238500000000000295e-02 -2.193370000000000042e-01 -2.767299999999999968e-02 5.569899999999999851e-02
8.733066311462428288e+00 -5.669334000000000096e+00 2.922999999999999817e-03 6.493599999999999373e-02 -1.944710000000000050e-01 -1.217299999999999979e-02 1.359499999999999945e-02
8.811040117814771477e+00 -5.683501999999999832e+00 2.122999999999999887e-03 6.498400000000000010e-02 -1.702450000000000074e-01 -1.108800000000000063e-02 -2.546999999999999785e-03
8.889013924167114666e+00 -5.696359000000000172e+00 1.423999999999999919e-03 6.479300000000000337e-02 -1.694380000000000053e-01 -3.533999999999999815e-03 -6.610000000000000424e-03
8.966987730519457855e+00 -5.710244999999999571e+00 1.806000000000000097e-03 6.398500000000000021e-02 -1.813730000000000064e-01 1.609800000000000120e-02 -6.942000000000000254e-03
9.044961536871801044e+00 -5.724238999999999855e+00 3.867999999999999911e-03 6.400899999999999646e-02 -1.751689999999999914e-01 3.594399999999999679e-02 2.906999999999999862e-03
9.122935343224144233e+00 -5.737579000000000207e+00 7.355000000000000426e-03 6.409700000000000120e-02 -1.682339999999999947e-01 4.776600000000000290e-02 1.619999999999999912e-03
9.200909149576485646e+00 -5.750553000000000026e+00 1.087600000000000025e-02 6.437099999999999766e-02 -1.639190000000000091e-01 4.383000000000000090e-02 4.104000000000000009e-03
9.278882955928828835e+00 -5.762680999999999720e+00 1.476300000000000008e-02 6.482599999999999474e-02 -1.449259999999999993e-01 6.054600000000000259e-02 1.128200000000000036e-02
9.356856762281172024e+00 -5.773373000000000310e+00 2.015300000000000077e-02 6.654500000000000692e-02 -1.224409999999999943e-01 7.782400000000000428e-02 3.581000000000000155e-02
9.434830568633515213e+00 -5.780783999999999700e+00 2.731700000000000100e-02 6.982700000000000018e-02 -6.439699999999999591e-02 1.065200000000000036e-01 3.604600000000000165e-02
9.512804374985858402e+00 -5.784023000000000359e+00 3.640299999999999786e-02 7.190000000000000557e-02 -3.147699999999999804e-02 1.226629999999999943e-01 2.206999999999999934e-02
9.590778181338201591e+00 -5.786077999999999832e+00 4.607499999999999790e-02 7.356500000000000539e-02 -1.359400000000000018e-02 1.234259999999999941e-01 1.737299999999999955e-02
9.668751987690544780e+00 -5.785434000000000410e+00 5.564100000000000296e-02 7.376800000000000024e-02 3.602899999999999853e-02 1.171610000000000013e-01 -2.103100000000000108e-02
9.746725794042887969e+00 -5.780383999999999745e+00 6.421499999999999431e-02 7.068499999999999783e-02 8.890599999999999892e-02 1.039619999999999989e-01 -4.659399999999999653e-02
9.824699600395231158e+00 -5.771766999999999648e+00 7.133299999999999363e-02 6.688099999999999601e-02 1.314240000000000130e-01 6.740799999999999570e-02 -4.562399999999999789e-02
9.902673406747574347e+00 -5.760043999999999720e+00 7.441100000000000492e-02 6.385799999999999810e-02 1.692259999999999875e-01 1.982899999999999940e-02 -3.700500000000000317e-02
