0.000000000000000000e+00 -9.363576000000000121e+00 5.184000000000000240e-03 -1.819000000000000131e-02 2.113389999999999880e+00 3.332899999999999752e-02 -1.173399999999999999e-01
6.188785111483704471e-01 -8.692068000000000794e+00 2.062699999999999950e-02 -7.261900000000000299e-02 2.225171000000000010e+00 6.512700000000000433e-02 -2.333760000000000001e-01
1.237757022296740894e+00 -7.986466000000000065e+00 4.548900000000000166e-02 -1.626209999999999878e-01 2.333898000000000028e+00 9.350100000000000078e-02 -3.474519999999999831e-01
1.856635533445111452e+00 -7.247669000000000139e+00 7.849299999999999333e-02 -2.876500000000000168e-01 2.448984999999999967e+00 1.170459999999999973e-01 -4.611040000000000139e-01
2.475514044593481788e+00 -6.470841000000000065e+00 1.179260000000000030e-01 -4.479879999999999973e-01 2.570581999999999923e+00 1.340969999999999940e-01 -5.776259999999999728e-01
3.094392555741852124e+00 -5.656791000000000125e+00 1.614829999999999877e-01 -6.451299999999999812e-01 2.689449999999999896e+00 1.425700000000000023e-01 -7.015010000000000412e-01
3.713271066890222905e+00 -4.806398999999999866e+00 2.061600000000000099e-01 -8.821320000000000272e-01 2.804876999999999843e+00 1.405119999999999980e-01 -8.381459999999999466e-01
4.332149578038593241e+00 -3.920913000000000093e+00 2.484429999999999972e-01 -1.163840999999999903e+00 2.913209000000000160e+00 1.265969999999999873e-01 -9.921579999999999844e-01
4.951028089186963577e+00 -3.003476000000000035e+00 2.845079999999999831e-01 -1.496156999999999959e+00 3.000176000000000176e+00 9.898200000000000054e-02 -1.161674000000000095e+00
5.569906600335333913e+00 -2.064169000000000143e+00 3.097010000000000041e-01 -1.882776000000000005e+00 3.027302999999999855e+00 6.266700000000000048e-02 -1.326837999999999962e+00
6.188785111483704249e+00 -1.129944000000000059e+00 3.232920000000000238e-01 -2.317308999999999841e+00 2.935718000000000050e+00 1.026799999999999935e-02 -1.445405999999999969e+00
6.807663622632074585e+00 -2.473160000000000081e-01 3.160549999999999748e-01 -2.777305999999999830e+00 2.728708000000000133e+00 -5.966799999999999882e-02 -1.487668999999999908e+00
7.426542133780445809e+00 5.587950000000000417e-01 2.863649999999999807e-01 -3.237995000000000179e+00 2.480628999999999973e+00 -1.204979999999999940e-01 -1.481816000000000022e+00
8.045420644928816145e+00 1.946550000000000002e+00 1.899639999999999940e-01 -4.143726000000000020e+00 2.045641999999999960e+00 -1.638640000000000096e-01 -1.441184000000000021e+00
8.664299156077186481e+00 3.120042999999999900e+00 9.904899999999999816e-02 -5.022287999999999641e+00 1.777009999999999978e+00 -1.078989999999999949e-01 -1.397378999999999927e+00
9.283177667225556817e+00 4.161795999999999829e+00 6.840000000000000246e-02 -5.870783000000000307e+00 1.623030999999999890e+00 2.564400000000000013e-02 -1.335822000000000065e+00
