0.000000000000000000e+00 -9.963808999999999472e+00 0.000000000000000000e+00 -3.999999999999999819e-06 1.999845000000000095e+00 3.999999999999999819e-06 -4.629999999999999784e-04
3.619223488793208571e-02 -9.927621000000000251e+00 0.000000000000000000e+00 -1.699999999999999987e-05 1.999686000000000075e+00 6.999999999999999895e-06 -9.349999999999999587e-04
7.238446977586417141e-02 -9.891436000000000561e+00 0.000000000000000000e+00 -3.800000000000000209e-05 1.999516000000000071e+00 1.999999999999999909e-06 -1.428000000000000016e-03
1.085767046637962641e-01 -9.819076000000000803e+00 -0.000000000000000000e+00 -1.090000000000000067e-04 1.999068000000000067e+00 -4.600000000000000004e-05 -2.541999999999999989e-03
1.447689395517283428e-01 -9.746741999999999351e+00 -3.000000000000000076e-06 -2.239999999999999966e-04 1.997759999999999980e+00 -4.000000000000000327e-05 -3.696000000000000067e-03
1.809611744396604216e-01 -9.674483000000000388e+00 1.999999999999999909e-06 -3.649999999999999816e-04 1.995095999999999981e+00 3.460000000000000076e-04 -3.972999999999999969e-03
2.171534093275925281e-01 -9.602327000000000723e+00 1.599999999999999928e-05 -5.150000000000000498e-04 1.992498000000000102e+00 2.750000000000000166e-04 -4.438000000000000105e-03
2.533456442155245791e-01 -9.530250999999999806e+00 2.500000000000000120e-05 -6.880000000000000265e-04 1.990580000000000016e+00 3.910000000000000172e-04 -5.105000000000000163e-03
2.895378791034566857e-01 -9.458244000000000540e+00 4.199999999999999768e-05 -8.829999999999999958e-04 1.988032999999999939e+00 5.140000000000000254e-04 -5.707000000000000267e-03
3.257301139913887922e-01 -9.386359999999999815e+00 6.700000000000000226e-05 -1.108000000000000044e-03 1.984166000000000096e+00 9.700000000000000505e-04 -6.862000000000000044e-03
3.619223488793208432e-01 -9.314636000000000138e+00 1.110000000000000011e-04 -1.376999999999999969e-03 1.979012999999999911e+00 1.539999999999999919e-03 -7.812000000000000367e-03
3.981145837672529497e-01 -9.243109000000000464e+00 1.830000000000000029e-04 -1.667999999999999995e-03 1.973780000000000090e+00 2.318000000000000182e-03 -8.229000000000000203e-03
4.343068186551850562e-01 -9.171770999999999674e+00 2.759999999999999867e-04 -1.971999999999999795e-03 1.968094999999999928e+00 3.004000000000000160e-03 -8.420000000000000401e-03
4.704990535431171073e-01 -9.100642000000000564e+00 4.079999999999999968e-04 -2.269999999999999882e-03 1.962796999999999903e+00 4.231000000000000386e-03 -7.981999999999999512e-03
5.066912884310491583e-01 -9.029695999999999501e+00 5.749999999999999903e-04 -2.554999999999999979e-03 1.957389999999999963e+00 4.739000000000000157e-03 -8.033000000000000210e-03
5.428835233189812648e-01 -8.958997000000000099e+00 7.349999999999999763e-04 -2.858999999999999996e-03 1.948679999999999968e+00 3.886999999999999830e-03 -8.578000000000000555e-03
5.790757582069133713e-01 -8.888636999999999233e+00 8.589999999999999546e-04 -3.161000000000000181e-03 1.939694000000000029e+00 2.959999999999999958e-03 -8.004000000000000697e-03
6.152679930948454778e-01 -8.818593999999999156e+00 9.460000000000000093e-04 -3.444000000000000013e-03 1.930852000000000013e+00 1.600000000000000077e-03 -7.870999999999999525e-03
6.514602279827775844e-01 -8.748860000000000525e+00 9.650000000000000374e-04 -3.733999999999999906e-03 1.922898999999999914e+00 -6.880000000000000265e-04 -8.012000000000000025e-03
6.876524628707095799e-01 -8.679432999999999510e+00 8.899999999999999491e-04 -4.022999999999999667e-03 1.912760000000000016e+00 -3.439000000000000216e-03 -7.988000000000000309e-03
7.238446977586416864e-01 -8.610397999999999996e+00 7.309999999999999875e-04 -4.304999999999999799e-03 1.902965000000000018e+00 -5.172999999999999647e-03 -7.476000000000000006e-03
7.600369326465737929e-01 -8.541670999999999125e+00 5.130000000000000011e-04 -4.565999999999999746e-03 1.894663999999999904e+00 -6.798000000000000223e-03 -7.041999999999999649e-03
7.962291675345058994e-01 -8.473254999999999981e+00 2.420000000000000005e-04 -4.820999999999999765e-03 1.886833999999999900e+00 -8.276000000000000370e-03 -7.264999999999999757e-03
8.324214024224380060e-01 -8.405077999999999605e+00 -8.399999999999999535e-05 -5.100000000000000366e-03 1.880457999999999963e+00 -9.372999999999999388e-03 -8.377000000000000765e-03
8.686136373103701125e-01 -8.337156999999999485e+00 -4.249999999999999763e-04 -5.428999999999999798e-03 1.872511000000000037e+00 -9.318999999999999159e-03 -9.672999999999999307e-03
9.048058721983021080e-01 -8.269536999999999694e+00 -7.590000000000000175e-04 -5.800999999999999733e-03 1.864057000000000075e+00 -9.173999999999999863e-03 -1.098499999999999997e-02
9.409981070862342145e-01 -8.202246000000000592e+00 -1.090999999999999956e-03 -6.222000000000000100e-03 1.853861999999999899e+00 -9.098000000000000184e-03 -1.207599999999999993e-02
9.771903419741663210e-01 -8.135362000000000648e+00 -1.402999999999999950e-03 -6.667000000000000183e-03 1.841944000000000026e+00 -7.694999999999999583e-03 -1.221999999999999996e-02
1.013382576862098317e+00 -8.068924000000000873e+00 -1.644999999999999978e-03 -7.102999999999999939e-03 1.829577999999999927e+00 -6.041999999999999628e-03 -1.203800000000000009e-02
1.049574811750030534e+00 -8.002914999999999779e+00 -1.853000000000000046e-03 -7.536000000000000164e-03 1.818383000000000083e+00 -5.568000000000000033e-03 -1.178900000000000087e-02
1.085767046637962530e+00 -7.937298000000000187e+00 -2.046000000000000076e-03 -7.953000000000000000e-03 1.807730999999999977e+00 -4.932999999999999885e-03 -1.102700000000000034e-02
1.121959281525894747e+00 -7.872054999999999580e+00 -2.207000000000000194e-03 -8.337000000000000660e-03 1.797930000000000028e+00 -3.983999999999999694e-03 -1.035400000000000036e-02
1.158151516413826743e+00 -7.807148999999999894e+00 -2.337000000000000102e-03 -8.703999999999999931e-03 1.788710999999999940e+00 -3.320000000000000034e-03 -1.005999999999999950e-02
1.194343751301758738e+00 -7.742586000000000190e+00 -2.449999999999999921e-03 -9.069999999999999937e-03 1.778869000000000034e+00 -3.013000000000000053e-03 -1.013400000000000065e-02
1.230535986189690956e+00 -7.678395000000000081e+00 -2.565000000000000006e-03 -9.438000000000000209e-03 1.768056000000000072e+00 -3.671999999999999917e-03 -1.030200000000000039e-02
1.266728221077622951e+00 -7.614620999999999640e+00 -2.722000000000000027e-03 -9.809000000000000011e-03 1.755926000000000098e+00 -5.081999999999999712e-03 -1.013799999999999944e-02
1.302920455965555169e+00 -7.551292000000000115e+00 -2.932000000000000144e-03 -1.018100000000000081e-02 1.743778999999999968e+00 -6.316000000000000433e-03 -1.067599999999999973e-02
1.339112690853487164e+00 -7.488404000000000060e+00 -3.173000000000000039e-03 -1.058800000000000019e-02 1.731095999999999968e+00 -6.878000000000000433e-03 -1.205799999999999927e-02
1.375304925741419160e+00 -7.425999000000000017e+00 -3.423999999999999960e-03 -1.106599999999999945e-02 1.717019000000000073e+00 -6.852999999999999717e-03 -1.442000000000000053e-02
1.411497160629351377e+00 -7.364118999999999637e+00 -3.665999999999999988e-03 -1.162599999999999918e-02 1.702901999999999916e+00 -6.394999999999999643e-03 -1.630099999999999952e-02
1.447689395517283373e+00 -7.302723000000000297e+00 -3.882000000000000034e-03 -1.223499999999999935e-02 1.690180000000000016e+00 -5.499999999999999681e-03 -1.702800000000000147e-02
1.483881630405215590e+00 -7.241769999999999818e+00 -4.063999999999999904e-03 -1.284700000000000078e-02 1.678131999999999957e+00 -4.575000000000000074e-03 -1.660599999999999923e-02
1.520073865293147586e+00 -7.181254000000000026e+00 -4.217000000000000262e-03 -1.343699999999999929e-02 1.665834999999999955e+00 -4.056999999999999842e-03 -1.607600000000000001e-02
1.556266100181079581e+00 -7.121198999999999835e+00 -4.359000000000000027e-03 -1.400700000000000035e-02 1.652695000000000025e+00 -3.749999999999999861e-03 -1.528000000000000018e-02
1.592458335069011799e+00 -7.061619999999999564e+00 -4.494999999999999864e-03 -1.454699999999999917e-02 1.639707000000000026e+00 -3.993000000000000022e-03 -1.457499999999999941e-02
1.628650569956943794e+00 -7.002524000000000193e+00 -4.640000000000000027e-03 -1.505300000000000041e-02 1.625750000000000028e+00 -3.559999999999999797e-03 -1.316799999999999915e-02
1.664842804844876012e+00 -6.943940999999999697e+00 -4.747999999999999617e-03 -1.550099999999999915e-02 1.611571000000000087e+00 -2.615999999999999836e-03 -1.180900000000000005e-02
1.701035039732808007e+00 -6.885885000000000034e+00 -4.837000000000000154e-03 -1.591499999999999859e-02 1.596228999999999898e+00 -2.661999999999999870e-03 -1.105000000000000079e-02
1.737227274620740225e+00 -6.828393000000000157e+00 -4.956999999999999601e-03 -1.629699999999999899e-02 1.580834999999999990e+00 -4.229000000000000120e-03 -1.008599999999999948e-02
1.773419509508672220e+00 -6.771465000000000067e+00 -5.146000000000000400e-03 -1.664699999999999860e-02 1.564453000000000094e+00 -6.139999999999999625e-03 -9.204999999999999641e-03
1.809611744396604216e+00 -6.715162000000000297e+00 -5.396999999999999888e-03 -1.695999999999999938e-02 1.547131999999999952e+00 -7.617999999999999772e-03 -8.063999999999999987e-03
1.845803979284536434e+00 -6.659472000000000058e+00 -5.693000000000000144e-03 -1.723099999999999979e-02 1.530434000000000072e+00 -8.444999999999999382e-03 -6.952999999999999979e-03
1.881996214172468429e+00 -6.604379999999999917e+00 -5.995999999999999594e-03 -1.746699999999999989e-02 1.513962000000000030e+00 -7.941000000000000142e-03 -6.439000000000000279e-03
1.918188449060400647e+00 -6.549877000000000393e+00 -6.256000000000000276e-03 -1.771199999999999858e-02 1.498180000000000067e+00 -6.282000000000000257e-03 -7.270000000000000420e-03
1.954380683948332642e+00 -6.495935000000000237e+00 -6.444000000000000075e-03 -1.799999999999999864e-02 1.482169000000000070e+00 -4.011999999999999941e-03 -8.625999999999999987e-03
1.990572918836264638e+00 -6.442610000000000170e+00 -6.551999999999999665e-03 -1.831299999999999942e-02 1.464490999999999987e+00 -2.082000000000000083e-03 -8.042000000000000537e-03
2.026765153724196633e+00 -6.389927000000000135e+00 -6.599999999999999964e-03 -1.857899999999999829e-02 1.446519000000000110e+00 -7.540000000000000044e-04 -6.601000000000000097e-03
2.062957388612129073e+00 -6.337928999999999924e+00 -6.603999999999999627e-03 -1.879099999999999868e-02 1.426704999999999890e+00 6.930000000000000396e-04 -5.355000000000000385e-03
2.099149623500061068e+00 -6.286643999999999899e+00 -6.551999999999999665e-03 -1.897899999999999934e-02 1.407602999999999938e+00 2.026000000000000023e-03 -5.408999999999999746e-03
2.135341858387993064e+00 -6.236042999999999559e+00 -6.457000000000000066e-03 -1.918900000000000119e-02 1.388519000000000059e+00 3.367000000000000201e-03 -6.160999999999999810e-03
2.171534093275925059e+00 -6.186137000000000441e+00 -6.308000000000000239e-03 -1.942599999999999882e-02 1.369361999999999968e+00 4.795999999999999916e-03 -7.015999999999999667e-03
2.207726328163857055e+00 -6.136911999999999701e+00 -6.111000000000000112e-03 -1.969500000000000070e-02 1.351167000000000007e+00 6.082999999999999866e-03 -7.893000000000000710e-03
2.243918563051789494e+00 -6.088345000000000340e+00 -5.867999999999999952e-03 -2.000400000000000095e-02 1.331987999999999950e+00 7.283999999999999676e-03 -9.102000000000000715e-03
2.280110797939721490e+00 -6.040498000000000367e+00 -5.589000000000000218e-03 -2.034700000000000050e-02 1.312349999999999905e+00 7.934999999999999346e-03 -9.712999999999999412e-03
2.316303032827653485e+00 -5.993341000000000030e+00 -5.295000000000000227e-03 -2.069800000000000112e-02 1.293760000000000021e+00 8.406999999999999543e-03 -9.554999999999999258e-03
2.352495267715585481e+00 -5.946852999999999945e+00 -4.982000000000000317e-03 -2.104100000000000067e-02 1.275077000000000016e+00 8.611999999999999864e-03 -9.497999999999999499e-03
2.388687502603517476e+00 -5.901043999999999734e+00 -4.681000000000000265e-03 -2.138800000000000076e-02 1.256431999999999993e+00 7.976000000000000451e-03 -9.731999999999999332e-03
2.424879737491449916e+00 -5.855908000000000335e+00 -4.400000000000000265e-03 -2.174299999999999844e-02 1.237646999999999942e+00 7.689999999999999787e-03 -9.520000000000000684e-03
2.461071972379381911e+00 -5.811480000000000423e+00 -4.119000000000000265e-03 -2.205800000000000122e-02 1.216860000000000053e+00 7.820999999999999827e-03 -7.583000000000000330e-03
2.497264207267313907e+00 -5.767826999999999593e+00 -3.840000000000000097e-03 -2.229400000000000132e-02 1.195102000000000109e+00 7.335999999999999639e-03 -5.683999999999999816e-03
2.533456442155245902e+00 -5.724985000000000213e+00 -3.605999999999999830e-03 -2.248199999999999851e-02 1.172474999999999934e+00 5.317999999999999811e-03 -5.014000000000000228e-03
2.569648677043177898e+00 -5.682958000000000176e+00 -3.452999999999999906e-03 -2.266400000000000012e-02 1.149561999999999973e+00 3.171999999999999906e-03 -5.134999999999999808e-03
2.605840911931110337e+00 -5.641802000000000206e+00 -3.370000000000000166e-03 -2.285500000000000032e-02 1.124236000000000013e+00 1.964000000000000034e-03 -5.630999999999999721e-03
2.642033146819042333e+00 -5.601580000000000226e+00 -3.294000000000000053e-03 -2.308299999999999935e-02 1.098292999999999964e+00 2.456999999999999983e-03 -7.268000000000000155e-03
2.678225381706974328e+00 -5.562317000000000178e+00 -3.190999999999999826e-03 -2.339400000000000160e-02 1.071058999999999983e+00 2.942999999999999870e-03 -9.846999999999999850e-03
2.714417616594906324e+00 -5.524060999999999666e+00 -3.096999999999999927e-03 -2.376999999999999946e-02 1.043074999999999974e+00 1.894999999999999983e-03 -1.035600000000000062e-02
2.750609851482838319e+00 -5.486816000000000138e+00 -3.054999999999999990e-03 -2.413900000000000073e-02 1.014820999999999973e+00 7.460000000000000268e-04 -1.020000000000000073e-02
2.786802086370770759e+00 -5.450612999999999708e+00 -3.031999999999999973e-03 -2.451000000000000054e-02 9.856540000000000301e-01 7.219999999999999855e-04 -1.019399999999999994e-02
2.822994321258702755e+00 -5.415465000000000195e+00 -2.997999999999999797e-03 -2.487199999999999828e-02 9.569079999999999808e-01 1.152999999999999945e-03 -9.721999999999999739e-03
2.859186556146634750e+00 -5.381329000000000029e+00 -2.948000000000000100e-03 -2.521899999999999836e-02 9.302340000000000053e-01 1.590000000000000050e-03 -9.565000000000000585e-03
2.895378791034566746e+00 -5.348101999999999911e+00 -2.880999999999999880e-03 -2.555400000000000033e-02 9.065649999999999542e-01 2.027000000000000156e-03 -8.323999999999999802e-03
2.931571025922498741e+00 -5.315700999999999787e+00 -2.821999999999999856e-03 -2.580299999999999955e-02 8.834840000000000471e-01 8.189999999999999581e-04 -5.361999999999999579e-03
2.967763260810431181e+00 -5.284163999999999639e+00 -2.817000000000000060e-03 -2.595700000000000091e-02 8.590050000000000185e-01 -2.750000000000000166e-04 -3.572999999999999787e-03
3.003955495698363176e+00 -5.253549999999999720e+00 -2.831999999999999882e-03 -2.606800000000000089e-02 8.320199999999999818e-01 -3.930000000000000117e-04 -2.455000000000000151e-03
3.040147730586295172e+00 -5.223949000000000176e+00 -2.856000000000000032e-03 -2.612599999999999992e-02 8.037779999999999925e-01 -1.356000000000000000e-03 -6.909999999999999910e-04
3.076339965474227167e+00 -5.195361000000000118e+00 -2.933999999999999976e-03 -2.612799999999999845e-02 7.763069999999999693e-01 -2.907999999999999995e-03 5.399999999999999798e-05
3.112532200362159163e+00 -5.167746000000000173e+00 -3.063999999999999883e-03 -2.614999999999999963e-02 7.494469999999999743e-01 -4.068999999999999700e-03 -1.971000000000000096e-03
3.148724435250091602e+00 -5.141144999999999854e+00 -3.220999999999999905e-03 -2.627799999999999928e-02 7.196879999999999944e-01 -4.682999999999999663e-03 -4.605999999999999851e-03
3.184916670138023598e+00 -5.115647000000000055e+00 -3.405000000000000041e-03 -2.645300000000000082e-02 6.900950000000000140e-01 -5.383999999999999897e-03 -4.551999999999999623e-03
3.221108905025955593e+00 -5.091173999999999644e+00 -3.611000000000000060e-03 -2.660399999999999918e-02 6.625240000000000018e-01 -5.957999999999999755e-03 -4.016999999999999738e-03
3.257301139913887589e+00 -5.067696999999999896e+00 -3.830000000000000071e-03 -2.675800000000000053e-02 6.344379999999999464e-01 -6.007000000000000187e-03 -4.935000000000000150e-03
3.293493374801819584e+00 -5.045277999999999707e+00 -4.048000000000000383e-03 -2.696499999999999939e-02 6.038790000000000546e-01 -6.054000000000000353e-03 -6.071000000000000008e-03
3.329685609689752024e+00 -5.023978999999999751e+00 -4.264000000000000429e-03 -2.717899999999999830e-02 5.731990000000000141e-01 -5.951999999999999826e-03 -5.518999999999999601e-03
3.365877844577684019e+00 -5.003802999999999557e+00 -4.488999999999999935e-03 -2.736799999999999997e-02 5.417750000000000066e-01 -6.388999999999999714e-03 -5.249000000000000193e-03
3.402070079465616015e+00 -4.984739000000000253e+00 -4.709999999999999777e-03 -2.756799999999999876e-02 5.123060000000000391e-01 -5.670999999999999826e-03 -5.745000000000000107e-03
3.438262314353548010e+00 -4.966713999999999629e+00 -4.905999999999999771e-03 -2.776400000000000048e-02 4.830699999999999994e-01 -5.904999999999999659e-03 -4.551999999999999623e-03
3.474454549241480450e+00 -4.949798000000000364e+00 -5.168999999999999984e-03 -2.789900000000000019e-02 4.514850000000000252e-01 -8.838999999999999635e-03 -3.286999999999999991e-03
3.510646784129412445e+00 -4.934035999999999866e+00 -5.536000000000000122e-03 -2.801899999999999877e-02 4.194089999999999763e-01 -1.109300000000000043e-02 -3.529000000000000019e-03
3.546839019017344441e+00 -4.919443000000000232e+00 -5.957999999999999755e-03 -2.814600000000000088e-02 3.872979999999999756e-01 -1.157099999999999969e-02 -3.225000000000000002e-03
3.583031253905276436e+00 -4.905999000000000443e+00 -6.355999999999999671e-03 -2.824300000000000074e-02 3.553669999999999884e-01 -1.052499999999999963e-02 -1.833999999999999910e-03
3.619223488793208432e+00 -4.893715000000000259e+00 -6.721999999999999677e-03 -2.827199999999999852e-02 3.233559999999999768e-01 -9.494999999999999968e-03 1.000000000000000048e-04
3.655415723681140872e+00 -4.882607000000000141e+00 -7.045000000000000047e-03 -2.824799999999999880e-02 2.906909999999999772e-01 -8.578000000000000555e-03 6.179999999999999513e-04
3.691607958569072867e+00 -4.872671999999999670e+00 -7.347000000000000232e-03 -2.825099999999999834e-02 2.576629999999999754e-01 -8.137999999999999401e-03 -6.880000000000000265e-04
3.727800193457004863e+00 -4.863960999999999757e+00 -7.628000000000000232e-03 -2.828800000000000064e-02 2.237500000000000044e-01 -7.002000000000000411e-03 -1.386000000000000079e-03
3.763992428344936858e+00 -4.856506000000000434e+00 -7.854999999999999136e-03 -2.835100000000000120e-02 1.870159999999999878e-01 -6.111000000000000112e-03 -2.377999999999999906e-03
3.800184663232868854e+00 -4.850446999999999953e+00 -8.090999999999999234e-03 -2.847399999999999931e-02 1.481540000000000079e-01 -6.942000000000000254e-03 -4.474999999999999811e-03
3.836376898120801293e+00 -4.845761999999999681e+00 -8.342000000000000456e-03 -2.865699999999999845e-02 1.107039999999999969e-01 -6.825000000000000337e-03 -4.944999999999999743e-03
3.872569133008733289e+00 -4.842463000000000406e+00 -8.576999999999999555e-03 -2.882200000000000040e-02 7.080599999999999394e-02 -6.151000000000000217e-03 -4.198000000000000342e-03
3.908761367896665284e+00 -4.840628999999999849e+00 -8.819000000000000450e-03 -2.895599999999999910e-02 3.099899999999999878e-02 -8.463000000000000037e-03 -2.841000000000000209e-03
3.944953602784597280e+00 -4.840213999999999572e+00 -9.209999999999999437e-03 -2.901400000000000159e-02 -7.723999999999999963e-03 -1.307700000000000008e-02 -7.899999999999999579e-05
3.981145837672529275e+00 -4.841194999999999915e+00 -9.757000000000000048e-03 -2.895599999999999910e-02 -4.693200000000000149e-02 -1.655099999999999974e-02 3.661999999999999891e-03
4.017338072560461271e+00 -4.843590999999999980e+00 -1.039099999999999920e-02 -2.876300000000000037e-02 -8.524900000000000533e-02 -1.821300000000000002e-02 5.577999999999999625e-03
4.053530307448393266e+00 -4.847383999999999915e+00 -1.106500000000000018e-02 -2.858300000000000077e-02 -1.247849999999999931e-01 -1.897199999999999928e-02 4.806000000000000376e-03
4.089722542336325262e+00 -4.852640000000000065e+00 -1.178200000000000081e-02 -2.838800000000000004e-02 -1.655200000000000005e-01 -2.091700000000000156e-02 5.941000000000000100e-03
4.125914777224258145e+00 -4.859340000000000437e+00 -1.257300000000000084e-02 -2.817499999999999866e-02 -2.053840000000000110e-01 -2.264800000000000146e-02 5.087000000000000376e-03
4.162107012112190141e+00 -4.867541000000000118e+00 -1.340399999999999925e-02 -2.803100000000000036e-02 -2.477010000000000045e-01 -2.281899999999999901e-02 3.054999999999999990e-03
4.198299247000122136e+00 -4.877240999999999715e+00 -1.421099999999999967e-02 -2.793899999999999856e-02 -2.870280000000000054e-01 -2.123900000000000093e-02 2.478999999999999867e-03
4.234491481888054132e+00 -4.888298999999999950e+00 -1.494299999999999969e-02 -2.783100000000000157e-02 -3.247160000000000046e-01 -1.889400000000000107e-02 4.264000000000000429e-03
4.270683716775986127e+00 -4.900780000000000136e+00 -1.554200000000000026e-02 -2.762300000000000172e-02 -3.651650000000000174e-01 -1.396000000000000019e-02 6.844000000000000257e-03
4.306875951663918123e+00 -4.914702000000000126e+00 -1.597900000000000015e-02 -2.734599999999999878e-02 -4.032979999999999898e-01 -1.208900000000000079e-02 8.595999999999999475e-03
4.343068186551850118e+00 -4.930004000000000275e+00 -1.646500000000000047e-02 -2.695600000000000079e-02 -4.442519999999999802e-01 -1.434200000000000058e-02 1.420599999999999988e-02
4.379260421439782114e+00 -4.946864999999999846e+00 -1.701099999999999834e-02 -2.634900000000000089e-02 -4.867449999999999832e-01 -1.585200000000000151e-02 1.818499999999999978e-02
4.415452656327714109e+00 -4.965228999999999893e+00 -1.756599999999999828e-02 -2.564299999999999913e-02 -5.281620000000000203e-01 -1.330300000000000059e-02 2.041499999999999912e-02
4.451644891215646105e+00 -4.985071999999999726e+00 -1.796400000000000080e-02 -2.488900000000000140e-02 -5.664759999999999796e-01 -8.909000000000000252e-03 2.059400000000000119e-02
4.487837126103578989e+00 -5.006162999999999919e+00 -1.823400000000000021e-02 -2.417700000000000057e-02 -5.984340000000000215e-01 -6.649999999999999661e-03 1.868799999999999975e-02
4.524029360991510984e+00 -5.028432999999999709e+00 -1.842500000000000041e-02 -2.353200000000000083e-02 -6.331940000000000346e-01 -1.345000000000000058e-03 1.858500000000000082e-02
4.560221595879442980e+00 -5.051937999999999818e+00 -1.824399999999999980e-02 -2.276600000000000151e-02 -6.630430000000000490e-01 1.052799999999999916e-02 2.376199999999999840e-02
4.596413830767374975e+00 -5.076414999999999900e+00 -1.775699999999999848e-02 -2.184699999999999837e-02 -6.907170000000000254e-01 1.580000000000000154e-02 2.579199999999999895e-02
4.632606065655306971e+00 -5.101924999999999599e+00 -1.706099999999999978e-02 -2.088500000000000079e-02 -7.175160000000000426e-01 2.240199999999999830e-02 2.784199999999999869e-02
4.668798300543238966e+00 -5.128344000000000236e+00 -1.617400000000000088e-02 -1.988799999999999943e-02 -7.428630000000000511e-01 2.673499999999999835e-02 2.558600000000000110e-02
4.704990535431170962e+00 -5.155694000000000443e+00 -1.511000000000000017e-02 -1.905700000000000102e-02 -7.687279999999999669e-01 3.116000000000000020e-02 2.049600000000000033e-02
4.741182770319102957e+00 -5.183984999999999843e+00 -1.392900000000000041e-02 -1.834799999999999973e-02 -7.938380000000000436e-01 3.414099999999999774e-02 2.044500000000000137e-02
4.777375005207034953e+00 -5.213137999999999828e+00 -1.264799999999999952e-02 -1.754000000000000004e-02 -8.162949999999999928e-01 3.710299999999999709e-02 2.388099999999999945e-02
4.813567240094967836e+00 -5.242988999999999677e+00 -1.121699999999999954e-02 -1.665499999999999967e-02 -8.318170000000000286e-01 4.284600000000000214e-02 2.528100000000000139e-02
4.849759474982899832e+00 -5.273325999999999958e+00 -9.537999999999999604e-03 -1.564400000000000165e-02 -8.434519999999999795e-01 4.971600000000000324e-02 3.283200000000000007e-02
4.885951709870831827e+00 -5.304006000000000220e+00 -7.616999999999999639e-03 -1.425399999999999931e-02 -8.517510000000000359e-01 5.551099999999999784e-02 4.278599999999999764e-02
4.922143944758763823e+00 -5.334965000000000401e+00 -5.552999999999999776e-03 -1.265299999999999932e-02 -8.571280000000000010e-01 5.839300000000000046e-02 4.277000000000000246e-02
4.958336179646695818e+00 -5.365973999999999577e+00 -3.420999999999999996e-03 -1.117399999999999990e-02 -8.536569999999999991e-01 5.818700000000000261e-02 3.923999999999999710e-02
4.994528414534627814e+00 -5.396658000000000399e+00 -1.363000000000000062e-03 -9.846000000000000585e-03 -8.410100000000000353e-01 5.641700000000000187e-02 3.272699999999999915e-02
5.030720649422559809e+00 -5.426852000000000231e+00 6.769999999999999759e-04 -8.793999999999999734e-03 -8.267349999999999977e-01 5.587199999999999805e-02 2.767500000000000168e-02
5.066912884310491805e+00 -5.456464999999999677e+00 2.703999999999999806e-03 -7.837999999999999481e-03 -8.109349999999999614e-01 5.683799999999999963e-02 2.336399999999999935e-02
5.103105119198423800e+00 -5.485622000000000220e+00 4.745000000000000086e-03 -7.173999999999999821e-03 -7.987210000000000143e-01 5.487500000000000017e-02 1.200299999999999978e-02
5.139297354086355796e+00 -5.514116999999999713e+00 6.708000000000000421e-03 -6.924999999999999732e-03 -7.739610000000000101e-01 5.414000000000000062e-02 3.674000000000000182e-03
5.175489588974288679e+00 -5.541707999999999856e+00 8.659999999999999296e-03 -6.856000000000000115e-03 -7.519670000000000520e-01 5.342600000000000127e-02 5.590000000000000351e-04
5.211681823862220675e+00 -5.568490999999999858e+00 1.054399999999999955e-02 -6.896000000000000220e-03 -7.263260000000000272e-01 5.063000000000000139e-02 -1.500999999999999947e-03
5.247874058750152670e+00 -5.594316000000000066e+00 1.239799999999999930e-02 -6.925999999999999865e-03 -7.014960000000000084e-01 5.384300000000000197e-02 -5.860000000000000408e-04
5.284066293638084666e+00 -5.619195999999999636e+00 1.447099999999999949e-02 -6.970999999999999766e-03 -6.726339999999999542e-01 6.059099999999999903e-02 -2.454000000000000018e-03
5.320258528526016661e+00 -5.643015000000000114e+00 1.672399999999999928e-02 -7.074000000000000427e-03 -6.431719999999999660e-01 6.132200000000000151e-02 -2.929000000000000180e-03
5.356450763413948657e+00 -5.665764000000000244e+00 1.883699999999999958e-02 -7.176000000000000087e-03 -6.150139999999999496e-01 5.539399999999999880e-02 -1.624000000000000010e-03
5.392642998301880652e+00 -5.687513000000000041e+00 2.075300000000000061e-02 -7.211000000000000396e-03 -5.855169999999999542e-01 4.984700000000000242e-02 -1.451999999999999949e-03
5.428835233189812648e+00 -5.708141999999999605e+00 2.245300000000000074e-02 -7.285999999999999942e-03 -5.555259999999999643e-01 4.368699999999999667e-02 -2.697000000000000178e-03
5.465027468077744643e+00 -5.727762000000000242e+00 2.382000000000000089e-02 -7.424000000000000044e-03 -5.291630000000000500e-01 2.989500000000000143e-02 -5.275000000000000175e-03
5.501219702965676639e+00 -5.746451999999999671e+00 2.461100000000000093e-02 -7.636999999999999691e-03 -5.026810000000000445e-01 1.457999999999999921e-02 -4.910000000000000302e-03
5.537411937853609523e+00 -5.764116999999999713e+00 2.490699999999999859e-02 -7.716999999999999901e-03 -4.730010000000000048e-01 2.707000000000000205e-03 9.240000000000000166e-04
5.573604172741541518e+00 -5.780626999999999960e+00 2.484400000000000150e-02 -7.642000000000000355e-03 -4.380890000000000062e-01 -6.583999999999999575e-03 4.600000000000000139e-04
5.609796407629473514e+00 -5.795799999999999841e+00 2.436500000000000124e-02 -7.725000000000000096e-03 -3.993950000000000000e-01 -1.906199999999999908e-02 -4.381999999999999611e-03
5.645988642517405509e+00 -5.809552000000000049e+00 2.353500000000000036e-02 -7.950999999999999734e-03 -3.622690000000000077e-01 -2.691199999999999842e-02 -8.592000000000000678e-03
5.682180877405337505e+00 -5.822108000000000061e+00 2.238000000000000059e-02 -8.368000000000000438e-03 -3.323980000000000268e-01 -3.670699999999999658e-02 -1.565100000000000172e-02
5.718373112293269500e+00 -5.833597000000000143e+00 2.092600000000000016e-02 -9.122999999999999166e-03 -3.005909999999999971e-01 -4.388199999999999740e-02 -2.470599999999999880e-02
5.754565347181201496e+00 -5.843734000000000428e+00 1.912900000000000017e-02 -1.009299999999999954e-02 -2.595720000000000249e-01 -5.525200000000000250e-02 -2.877499999999999850e-02
5.790757582069133491e+00 -5.852466999999999864e+00 1.699099999999999916e-02 -1.121499999999999928e-02 -2.233259999999999967e-01 -6.145599999999999674e-02 -3.298700000000000243e-02
5.826949816957065487e+00 -5.859905000000000364e+00 1.481000000000000025e-02 -1.246500000000000039e-02 -1.871099999999999985e-01 -5.651300000000000073e-02 -3.630599999999999800e-02
5.863142051844997482e+00 -5.865946000000000105e+00 1.284099999999999998e-02 -1.386000000000000079e-02 -1.457469999999999877e-01 -5.437800000000000272e-02 -3.993599999999999928e-02
5.899334286732930366e+00 -5.870516000000000290e+00 1.086900000000000019e-02 -1.531300000000000022e-02 -1.109030000000000016e-01 -5.423499999999999849e-02 -3.961100000000000038e-02
5.935526521620862361e+00 -5.874054000000000109e+00 8.961000000000000215e-03 -1.670999999999999916e-02 -8.534799999999999331e-02 -4.942699999999999871e-02 -3.729799999999999782e-02
5.971718756508794357e+00 -5.876769000000000354e+00 7.289000000000000340e-03 -1.790900000000000131e-02 -6.438900000000000179e-02 -4.355699999999999850e-02 -2.750700000000000020e-02
6.007910991396726352e+00 -5.878651999999999767e+00 5.833999999999999776e-03 -1.878600000000000061e-02 -4.120000000000000051e-02 -3.744499999999999912e-02 -2.132799999999999974e-02
6.044103226284658348e+00 -5.879857999999999585e+00 4.473999999999999679e-03 -1.939099999999999852e-02 -2.677900000000000072e-02 -3.962999999999999856e-02 -1.201699999999999990e-02
6.080295461172590343e+00 -5.880625000000000213e+00 2.942999999999999870e-03 -1.974400000000000113e-02 -1.699000000000000163e-02 -4.453100000000000114e-02 -1.019100000000000041e-02
6.116487696060522339e+00 -5.881120000000000125e+00 1.382999999999999898e-03 -2.012299999999999853e-02 -1.064099999999999942e-02 -3.745199999999999918e-02 -8.411999999999999339e-03
6.152679930948454334e+00 -5.881381000000000192e+00 2.570000000000000127e-04 -2.030600000000000113e-02 -2.521999999999999936e-03 -2.750299999999999967e-02 -1.139000000000000038e-03
6.188872165836386330e+00 -5.881243000000000443e+00 -6.520000000000000188e-04 -2.018199999999999855e-02 1.034700000000000029e-02 -2.391000000000000070e-02 7.616000000000000374e-03
6.225064400724318325e+00 -5.880671000000000426e+00 -1.565999999999999901e-03 -1.976599999999999885e-02 2.066899999999999987e-02 -2.599399999999999974e-02 1.425000000000000051e-02
6.261256635612251209e+00 -5.879793000000000269e+00 -2.462000000000000213e-03 -1.915999999999999995e-02 2.651900000000000091e-02 -2.335699999999999929e-02 2.042700000000000071e-02
6.297448870500183205e+00 -5.878759999999999764e+00 -3.271000000000000036e-03 -1.827499999999999958e-02 3.133600000000000274e-02 -2.136199999999999904e-02 2.639599999999999932e-02
6.333641105388115200e+00 -5.877468000000000359e+00 -4.034000000000000259e-03 -1.738599999999999868e-02 3.948499999999999927e-02 -2.276699999999999904e-02 2.154500000000000165e-02
6.369833340276047196e+00 -5.875990999999999964e+00 -4.978999999999999919e-03 -1.667000000000000079e-02 4.151799999999999935e-02 -2.872800000000000006e-02 1.974800000000000166e-02
6.406025575163979191e+00 -5.874433999999999934e+00 -6.078000000000000069e-03 -1.592500000000000165e-02 4.412300000000000250e-02 -3.247400000000000286e-02 1.969699999999999923e-02
6.442217810051911187e+00 -5.872809000000000168e+00 -7.363999999999999886e-03 -1.532599999999999935e-02 4.591400000000000342e-02 -3.803200000000000330e-02 1.287699999999999956e-02
6.478410044939843182e+00 -5.871119000000000199e+00 -8.739000000000000240e-03 -1.498500000000000006e-02 4.679500000000000326e-02 -3.668199999999999933e-02 7.459999999999999618e-03
6.514602279827775178e+00 -5.869449999999999612e+00 -9.965999999999999165e-03 -1.475100000000000022e-02 4.479199999999999848e-02 -2.740899999999999934e-02 4.856000000000000073e-03
6.550794514715707173e+00 -5.867942000000000213e+00 -1.066699999999999940e-02 -1.467700000000000081e-02 3.709099999999999897e-02 -1.424699999999999925e-02 -2.216000000000000088e-03
6.586986749603639169e+00 -5.866749999999999687e+00 -1.106700000000000045e-02 -1.481799999999999957e-02 2.959699999999999831e-02 -6.355999999999999671e-03 -1.291000000000000047e-03
6.623178984491572052e+00 -5.865820000000000256e+00 -1.106200000000000065e-02 -1.472599999999999951e-02 2.061899999999999844e-02 5.568000000000000033e-03 4.839000000000000419e-03
6.659371219379504048e+00 -5.865238999999999869e+00 -1.072299999999999989e-02 -1.447599999999999928e-02 1.363800000000000082e-02 1.320400000000000046e-02 1.100600000000000016e-02
6.695563454267436043e+00 -5.864783000000000079e+00 -1.013799999999999944e-02 -1.387599999999999945e-02 1.004500000000000011e-02 1.669400000000000051e-02 2.173399999999999985e-02
6.731755689155368039e+00 -5.864519999999999733e+00 -9.612000000000000752e-03 -1.299400000000000034e-02 7.028999999999999658e-03 1.081799999999999949e-02 2.580599999999999908e-02
6.767947924043300034e+00 -5.864209999999999923e+00 -9.360000000000000264e-03 -1.199599999999999972e-02 1.193600000000000043e-02 2.990000000000000036e-03 3.047400000000000109e-02
6.804140158931232030e+00 -5.863641999999999577e+00 -9.393000000000000307e-03 -1.075800000000000020e-02 1.607600000000000001e-02 -4.000000000000000083e-03 3.502899999999999764e-02
6.840332393819164025e+00 -5.863171000000000355e+00 -9.646999999999999326e-03 -9.547999999999999196e-03 9.941999999999999449e-03 -9.098999999999999450e-03 3.336599999999999983e-02
6.876524628707096021e+00 -5.862931999999999810e+00 -9.955999999999999572e-03 -8.344999999999999987e-03 1.464999999999999939e-03 -6.485000000000000313e-03 3.214199999999999696e-02
6.912716863595028016e+00 -5.863044000000000366e+00 -1.014999999999999930e-02 -7.207999999999999997e-03 -4.601000000000000055e-03 -4.786000000000000323e-03 3.072400000000000131e-02
6.948909098482960900e+00 -5.863184000000000395e+00 -1.028500000000000074e-02 -6.091000000000000060e-03 -6.043999999999999893e-03 -2.811000000000000131e-03 3.081899999999999917e-02
6.985101333370892895e+00 -5.863631999999999955e+00 -1.043700000000000010e-02 -5.075999999999999783e-03 -1.944099999999999995e-02 -6.464000000000000128e-03 2.317599999999999869e-02
7.021293568258824891e+00 -5.864601000000000397e+00 -1.064499999999999995e-02 -4.406000000000000194e-03 -3.366799999999999654e-02 -4.264999999999999694e-03 1.490700000000000011e-02
7.057485803146756886e+00 -5.866009000000000029e+00 -1.077000000000000006e-02 -3.991999999999999889e-03 -4.503299999999999664e-02 -2.925000000000000083e-03 8.397999999999999216e-03
7.093678038034688882e+00 -5.867980000000000196e+00 -1.093300000000000001e-02 -3.750999999999999994e-03 -6.371100000000000374e-02 -7.692000000000000053e-03 7.159000000000000433e-03
7.129870272922620877e+00 -5.870471000000000217e+00 -1.131899999999999920e-02 -3.425999999999999792e-03 -7.022599999999999676e-02 -1.357200000000000073e-02 1.071899999999999936e-02
7.166062507810552873e+00 -5.872938999999999687e+00 -1.186000000000000075e-02 -2.984000000000000107e-03 -6.421699999999999631e-02 -1.386300000000000032e-02 1.220800000000000010e-02
7.202254742698484868e+00 -5.875206999999999624e+00 -1.229000000000000058e-02 -2.602000000000000146e-03 -6.588800000000000212e-02 -9.194000000000000783e-03 8.545999999999999777e-03
7.238446977586416864e+00 -5.877804000000000251e+00 -1.253600000000000027e-02 -2.379000000000000038e-03 -7.755599999999999994e-02 -5.649000000000000375e-03 2.697000000000000178e-03
7.274639212474348859e+00 -5.880830999999999698e+00 -1.273999999999999959e-02 -2.456999999999999983e-03 -8.790800000000000003e-02 -4.839000000000000419e-03 -8.203999999999999487e-03
7.310831447362281743e+00 -5.884081000000000117e+00 -1.281999999999999980e-02 -2.919999999999999853e-03 -9.360599999999999477e-02 2.699999999999999899e-05 -1.322399999999999964e-02
7.347023682250213739e+00 -5.887678000000000189e+00 -1.283699999999999945e-02 -3.320000000000000034e-03 -1.035790000000000044e-01 -4.057999999999999975e-03 -1.078600000000000045e-02
7.383215917138145734e+00 -5.891593000000000302e+00 -1.310799999999999986e-02 -3.775000000000000144e-03 -1.156890000000000002e-01 -8.000999999999999432e-03 -1.550299999999999942e-02
7.419408152026077730e+00 -5.896009000000000277e+00 -1.336200000000000061e-02 -4.436999999999999972e-03 -1.237100000000000005e-01 -5.599999999999999943e-03 -1.806299999999999920e-02
7.455600386914009725e+00 -5.900415999999999883e+00 -1.341700000000000011e-02 -5.048999999999999669e-03 -1.182010000000000005e-01 4.362000000000000426e-03 -1.767900000000000027e-02
7.491792621801941721e+00 -5.904615999999999865e+00 -1.314099999999999990e-02 -5.732000000000000116e-03 -1.145899999999999974e-01 9.339999999999999344e-03 -1.831599999999999895e-02
7.527984856689873716e+00 -5.908605999999999803e+00 -1.276799999999999984e-02 -6.400999999999999572e-03 -1.057889999999999942e-01 9.176000000000000129e-03 -1.931499999999999884e-02
7.564177091577805712e+00 -5.912370000000000125e+00 -1.244100000000000067e-02 -7.092000000000000214e-03 -1.035640000000000033e-01 1.084599999999999974e-02 -1.777600000000000013e-02
7.600369326465737707e+00 -5.916129999999999889e+00 -1.203100000000000003e-02 -7.570999999999999605e-03 -1.048039999999999944e-01 9.287999999999999381e-03 -7.291999999999999871e-03
7.636561561353669703e+00 -5.919937000000000005e+00 -1.179599999999999919e-02 -7.674000000000000266e-03 -1.049100000000000033e-01 2.694000000000000214e-03 2.361999999999999950e-03
7.672753796241602586e+00 -5.923691999999999958e+00 -1.189400000000000006e-02 -7.317999999999999852e-03 -1.010439999999999949e-01 -8.526000000000000592e-03 1.644299999999999928e-02
7.708946031129534582e+00 -5.927279000000000408e+00 -1.243000000000000008e-02 -6.607000000000000026e-03 -9.995099999999999818e-02 -2.003500000000000072e-02 1.944200000000000095e-02
7.745138266017466577e+00 -5.930958999999999648e+00 -1.322000000000000085e-02 -5.983999999999999736e-03 -1.015199999999999991e-01 -2.124900000000000053e-02 1.541200000000000035e-02
7.781330500905398573e+00 -5.934593999999999703e+00 -1.393999999999999927e-02 -5.464000000000000107e-03 -9.959500000000000297e-02 -1.992599999999999927e-02 1.440800000000000067e-02
7.817522735793330568e+00 -5.938134999999999941e+00 -1.473700000000000010e-02 -4.909000000000000169e-03 -9.442899999999999905e-02 -2.266500000000000112e-02 1.557300000000000004e-02
7.853714970681262564e+00 -5.941359000000000279e+00 -1.549799999999999962e-02 -4.327000000000000117e-03 -8.373300000000000187e-02 -1.887799999999999895e-02 1.683700000000000127e-02
7.889907205569194559e+00 -5.944272999999999918e+00 -1.611100000000000032e-02 -3.706999999999999792e-03 -7.849499999999999533e-02 -1.496300000000000061e-02 1.883599999999999858e-02
7.926099440457126555e+00 -5.947001000000000204e+00 -1.655399999999999927e-02 -2.899000000000000101e-03 -7.017099999999999727e-02 -8.550000000000000308e-03 2.477899999999999894e-02
7.962291675345058550e+00 -5.949294000000000082e+00 -1.668000000000000038e-02 -2.005999999999999971e-03 -5.632199999999999707e-02 2.691999999999999948e-03 2.128899999999999890e-02
7.998483910232990546e+00 -5.951143000000000072e+00 -1.638099999999999973e-02 -1.489000000000000089e-03 -4.790599999999999720e-02 1.358200000000000032e-02 8.512999999999999734e-03
8.034676145120922541e+00 -5.952761999999999887e+00 -1.565700000000000078e-02 -1.227999999999999925e-03 -4.255300000000000055e-02 2.599200000000000121e-02 7.392000000000000133e-03
8.070868380008855425e+00 -5.954353000000000229e+00 -1.456299999999999956e-02 -1.013999999999999927e-03 -4.852200000000000263e-02 3.221600000000000158e-02 8.760000000000000425e-04
8.107060614896786532e+00 -5.956245000000000012e+00 -1.343300000000000050e-02 -1.226000000000000093e-03 -5.273100000000000009e-02 2.846100000000000019e-02 -1.042700000000000050e-02
8.143252849784719416e+00 -5.958108000000000182e+00 -1.250099999999999996e-02 -1.632999999999999903e-03 -4.895800000000000152e-02 2.396200000000000066e-02 -1.046399999999999934e-02
8.179445084672650523e+00 -5.959702000000000055e+00 -1.168399999999999994e-02 -2.024999999999999890e-03 -3.596900000000000097e-02 2.108000000000000151e-02 -1.297700000000000069e-02
8.215637319560583407e+00 -5.960714000000000290e+00 -1.094400000000000060e-02 -2.619999999999999933e-03 -2.315299999999999997e-02 2.019599999999999868e-02 -2.004799999999999985e-02
8.251829554448516291e+00 -5.961469000000000129e+00 -1.022699999999999998e-02 -3.452000000000000207e-03 -1.951299999999999910e-02 2.162400000000000086e-02 -2.523900000000000102e-02
8.288021789336447398e+00 -5.962085000000000079e+00 -9.294000000000000178e-03 -4.459000000000000290e-03 -1.374300000000000001e-02 2.971400000000000083e-02 -3.189100000000000268e-02
8.324214024224380282e+00 -5.962490999999999985e+00 -8.219000000000000611e-03 -5.779000000000000282e-03 -1.026700000000000008e-02 2.477700000000000041e-02 -4.041899999999999660e-02
8.360406259112311389e+00 -5.962934999999999874e+00 -7.537000000000000297e-03 -7.340000000000000170e-03 -1.608499999999999860e-02 1.198600000000000013e-02 -4.417299999999999699e-02
8.396598494000244273e+00 -5.963630000000000209e+00 -7.393000000000000266e-03 -8.975000000000000339e-03 -2.134399999999999839e-02 -1.868000000000000086e-03 -4.557499999999999746e-02
8.432790728888175380e+00 -5.964423000000000030e+00 -7.562000000000000145e-03 -1.051299999999999978e-02 -1.996500000000000011e-02 -6.808999999999999948e-03 -3.674899999999999695e-02
8.468982963776108264e+00 -5.965005999999999808e+00 -7.889999999999999444e-03 -1.162000000000000012e-02 -1.334100000000000043e-02 -1.055399999999999915e-02 -2.471500000000000086e-02
8.505175198664039371e+00 -5.965461000000000347e+00 -8.330000000000000598e-03 -1.226799999999999939e-02 -1.353000000000000036e-02 -1.273999999999999959e-02 -9.579000000000000709e-03
8.541367433551972255e+00 -5.965999000000000052e+00 -8.706999999999999462e-03 -1.229599999999999964e-02 -1.376100000000000066e-02 -5.746000000000000239e-03 8.514999999999999999e-03
8.577559668439905138e+00 -5.966416999999999859e+00 -8.751999999999999363e-03 -1.166400000000000076e-02 -9.776999999999999233e-03 2.412000000000000081e-03 2.281000000000000041e-02
8.613751903327836246e+00 -5.966675999999999647e+00 -8.586999999999999147e-03 -1.075599999999999994e-02 -2.762000000000000132e-03 3.824000000000000142e-03 2.774099999999999830e-02
8.649944138215769129e+00 -5.966622000000000092e+00 -8.474000000000000629e-03 -9.662999999999999715e-03 2.991999999999999868e-03 3.393000000000000183e-03 3.090199999999999891e-02
8.686136373103700237e+00 -5.966575999999999880e+00 -8.295999999999999555e-03 -8.625999999999999987e-03 -1.467999999999999904e-03 9.409999999999999962e-03 2.419100000000000070e-02
8.722328607991633120e+00 -5.966758999999999702e+00 -7.761999999999999802e-03 -7.848000000000000809e-03 -1.060600000000000084e-02 1.878499999999999961e-02 2.220400000000000151e-02
8.758520842879564228e+00 -5.967347000000000179e+00 -7.047000000000000312e-03 -6.943000000000000387e-03 -2.156200000000000130e-02 1.810300000000000104e-02 2.886199999999999877e-02
8.794713077767497111e+00 -5.968303999999999832e+00 -6.429999999999999952e-03 -5.840999999999999838e-03 -3.110100000000000017e-02 1.651700000000000043e-02 2.703600000000000100e-02
8.830905312655428219e+00 -5.969661000000000328e+00 -5.934000000000000039e-03 -5.063999999999999925e-03 -4.362800000000000011e-02 7.805999999999999571e-03 1.780899999999999844e-02
8.867097547543361102e+00 -5.971358000000000388e+00 -5.825999999999999582e-03 -4.485000000000000271e-03 -4.930299999999999960e-02 1.959999999999999937e-03 1.436800000000000056e-02
8.903289782431292210e+00 -5.973314000000000235e+00 -5.734999999999999647e-03 -4.006000000000000012e-03 -5.910499999999999782e-02 4.106000000000000275e-03 1.121199999999999974e-02
8.939482017319225093e+00 -5.975577999999999612e+00 -5.466000000000000372e-03 -3.801999999999999824e-03 -6.539000000000000368e-02 9.880999999999999159e-03 -1.235999999999999903e-03
8.975674252207157977e+00 -5.978059000000000012e+00 -5.127999999999999746e-03 -4.039000000000000055e-03 -7.215199999999999392e-02 6.728999999999999738e-03 -9.520000000000000684e-03
9.011866487095089084e+00 -5.980692999999999593e+00 -4.980000000000000052e-03 -4.466000000000000351e-03 -7.150099999999999512e-02 2.382000000000000003e-03 -1.305599999999999990e-02
9.048058721983021968e+00 -5.983266999999999669e+00 -4.943000000000000345e-03 -4.827999999999999826e-03 -6.933100000000000374e-02 -2.820000000000000241e-04 -5.244999999999999662e-03
9.084250956870953075e+00 -5.985605999999999760e+00 -4.930999999999999620e-03 -4.925999999999999823e-03 -5.909500000000000169e-02 3.180000000000000101e-03 -1.613000000000000067e-03
9.120443191758885959e+00 -5.987581999999999738e+00 -4.735999999999999759e-03 -5.020000000000000157e-03 -5.078900000000000081e-02 6.581000000000000044e-03 -6.687000000000000235e-03
9.156635426646817066e+00 -5.989347999999999672e+00 -4.545999999999999694e-03 -5.458000000000000178e-03 -4.933200000000000085e-02 1.642999999999999929e-03 -1.670500000000000110e-02
9.192827661534749950e+00 -5.991113000000000355e+00 -4.603000000000000320e-03 -6.138000000000000227e-03 -4.653199999999999698e-02 -4.998999999999999971e-03 -1.860500000000000001e-02
9.229019896422681057e+00 -5.992772000000000432e+00 -4.871000000000000330e-03 -6.795999999999999958e-03 -4.728700000000000264e-02 -7.049999999999999843e-03 -1.842099999999999987e-02
9.265212131310613941e+00 -5.994602000000000430e+00 -5.004999999999999900e-03 -7.388999999999999735e-03 -5.361400000000000193e-02 5.550000000000000462e-04 -1.274600000000000039e-02
9.301404366198546825e+00 -5.996535999999999866e+00 -4.865000000000000401e-03 -7.759000000000000272e-03 -5.051699999999999940e-02 5.055999999999999731e-03 -9.423000000000000820e-03
9.337596601086477932e+00 -5.998244999999999827e+00 -4.779000000000000262e-03 -8.115999999999999950e-03 -4.542100000000000304e-02 -1.552999999999999910e-03 -7.782999999999999988e-03
9.373788835974410816e+00 -5.999889999999999723e+00 -4.851000000000000277e-03 -8.262000000000000247e-03 -4.488899999999999835e-02 9.619999999999999645e-04 -1.448000000000000068e-03
9.409981070862341923e+00 -6.001471999999999696e+00 -4.743999999999999953e-03 -8.236999999999999530e-03 -4.204600000000000004e-02 3.752999999999999826e-03 2.874999999999999951e-03
9.446173305750274807e+00 -6.002926999999999680e+00 -4.521999999999999978e-03 -8.113999999999999685e-03 -3.790099999999999719e-02 1.119000000000000029e-02 2.592000000000000120e-03
9.482365540638205914e+00 -6.004211999999999883e+00 -3.925999999999999802e-03 -8.004000000000000697e-03 -3.386700000000000127e-02 1.867900000000000116e-02 5.877000000000000279e-03
9.518557775526138798e+00 -6.005348999999999826e+00 -3.242999999999999789e-03 -7.642999999999999620e-03 -2.875399999999999831e-02 1.987500000000000031e-02 1.247999999999999977e-02
9.554750010414069905e+00 -6.006268000000000384e+00 -2.487000000000000061e-03 -7.139999999999999646e-03 -2.178300000000000028e-02 2.142499999999999960e-02 1.676199999999999912e-02
9.590942245302002789e+00 -6.006991000000000192e+00 -1.665999999999999946e-03 -6.429999999999999952e-03 -1.958800000000000124e-02 2.152499999999999900e-02 2.029299999999999854e-02
9.627134480189935672e+00 -6.007607000000000141e+00 -1.056999999999999997e-03 -5.680000000000000153e-03 -1.171999999999999952e-02 1.258300000000000043e-02 2.278200000000000017e-02
9.663326715077866780e+00 -6.007811000000000234e+00 -6.070000000000000092e-04 -4.767000000000000404e-03 8.559999999999999901e-04 1.590600000000000000e-02 2.644000000000000170e-02
9.699518949965799663e+00 -6.007571999999999690e+00 8.600000000000000331e-05 -3.828999999999999938e-03 1.028199999999999947e-02 1.867299999999999863e-02 2.344200000000000103e-02
9.735711184853730771e+00 -6.007131000000000220e+00 6.030000000000000204e-04 -3.054999999999999990e-03 1.528000000000000018e-02 9.643000000000000529e-03 2.156999999999999890e-02
9.771903419741663654e+00 -6.006361000000000061e+00 8.639999999999999677e-04 -2.245000000000000034e-03 2.865900000000000045e-02 5.228000000000000008e-03 2.057200000000000001e-02
9.808095654629594762e+00 -6.005088999999999899e+00 1.028999999999999967e-03 -1.634999999999999952e-03 3.906699999999999756e-02 6.922000000000000201e-03 1.398100000000000037e-02
9.844287889517527645e+00 -6.003656999999999577e+00 1.319999999999999993e-03 -1.206999999999999957e-03 3.715299999999999853e-02 4.852999999999999675e-03 8.077000000000000846e-03
9.880480124405458753e+00 -6.002443000000000417e+00 1.273000000000000043e-03 -1.077000000000000049e-03 3.031999999999999973e-02 -8.390999999999999154e-03 2.317000000000000049e-03
9.916672359293391636e+00 -6.001408999999999772e+00 7.519999999999999558e-04 -1.000000000000000021e-03 2.853100000000000080e-02 -1.837300000000000044e-02 -5.370000000000000424e-04
9.952864594181322744e+00 -6.000371999999999595e+00 4.100000000000000047e-05 -1.178000000000000011e-03 2.889600000000000155e-02 -1.949700000000000044e-02 -9.853000000000000647e-03
