0.000000000000000000e+00 -9.712866999999999251e+00 2.916999999999999888e-03 4.560000000000000251e-04 1.998335999999999890e+00 4.060300000000000020e-02 6.331999999999999955e-03
2.872579586709178567e-01 -9.425962000000000174e+00 1.166299999999999976e-02 1.819000000000000087e-03 1.995384000000000047e+00 8.037300000000000000e-02 1.315700000000000029e-02
5.745159173418357135e-01 -8.854131999999999891e+00 4.575800000000000006e-02 7.875000000000000056e-03 1.985637000000000096e+00 1.559099999999999930e-01 3.023800000000000099e-02
8.617738760127535702e-01 -8.285353000000000634e+00 1.010189999999999977e-01 1.957700000000000065e-02 1.972325000000000106e+00 2.284579999999999944e-01 5.273499999999999716e-02
1.149031834683671427e+00 -7.721752000000000393e+00 1.770319999999999949e-01 3.867000000000000298e-02 1.949308999999999958e+00 3.014129999999999865e-01 8.224499999999999866e-02
1.436289793354589284e+00 -7.166064000000000433e+00 2.745750000000000135e-01 6.754000000000000281e-02 1.917122999999999911e+00 3.802749999999999742e-01 1.217950000000000005e-01
1.723547752025507140e+00 -6.621106000000000158e+00 3.963659999999999961e-01 1.096690000000000026e-01 1.868765999999999927e+00 4.686420000000000030e-01 1.746779999999999999e-01
2.010805710696424775e+00 -6.097409999999999997e+00 5.425590000000000135e-01 1.680359999999999909e-01 1.759185999999999916e+00 5.406119999999999814e-01 2.292250000000000121e-01
2.298063669367342854e+00 -5.613234000000000279e+00 7.049699999999999855e-01 2.407130000000000103e-01 1.610060000000000047e+00 5.881229999999999514e-01 2.766899999999999915e-01
2.585321628038260933e+00 -5.172392000000000323e+00 8.806279999999999664e-01 3.273760000000000003e-01 1.458105999999999902e+00 6.361689999999999845e-01 3.283479999999999732e-01
2.872579586709178567e+00 -4.776079000000000185e+00 1.070899999999999963e+00 4.297300000000000009e-01 1.298386999999999958e+00 6.903960000000000097e-01 3.856140000000000123e-01
3.159837545380096202e+00 -4.427904999999999980e+00 1.277592999999999979e+00 5.491850000000000342e-01 1.116336999999999913e+00 7.467319999999999514e-01 4.442849999999999855e-01
3.447095504051014281e+00 -4.139407000000000281e+00 1.497822999999999904e+00 6.838800000000000434e-01 8.725579999999999448e-01 7.719759999999999955e-01 4.911659999999999915e-01
3.734353462721932360e+00 -3.931051000000000073e+00 1.715845000000000065e+00 8.314770000000000216e-01 5.693099999999999827e-01 7.302739999999999787e-01 5.373520000000000518e-01
4.021611421392849550e+00 -3.813642000000000198e+00 1.913529999999999953e+00 9.922170000000000156e-01 2.455110000000000070e-01 6.327770000000000339e-01 5.773749999999999716e-01
4.308869380063767629e+00 -3.790662999999999894e+00 2.075695000000000068e+00 1.161049999999999915e+00 -8.788200000000000178e-02 4.837460000000000093e-01 5.880009999999999959e-01
4.596127338734685708e+00 -3.864774999999999849e+00 2.188066000000000066e+00 1.326221000000000094e+00 -4.296699999999999964e-01 2.883910000000000085e-01 5.452190000000000092e-01
4.883385297405603787e+00 -4.037518999999999636e+00 2.239129000000000147e+00 1.468758999999999926e+00 -7.705880000000000507e-01 6.224999999999999978e-02 4.269729999999999914e-01
5.170643256076521865e+00 -4.306175999999999782e+00 2.223260999999999932e+00 1.566073000000000048e+00 -1.093622000000000094e+00 -1.724660000000000082e-01 2.351229999999999987e-01
5.457901214747439056e+00 -4.662860000000000227e+00 2.140549000000000035e+00 1.600897000000000014e+00 -1.374139999999999917e+00 -4.002310000000000034e-01 2.579000000000000129e-03
5.745159173418357135e+00 -5.089603999999999573e+00 1.994904999999999928e+00 1.567290000000000072e+00 -1.571398000000000073e+00 -6.064789999999999903e-01 -2.362960000000000060e-01
6.032417132089275214e+00 -5.557553999999999661e+00 1.795036999999999994e+00 1.465335000000000054e+00 -1.657937999999999912e+00 -7.714029999999999498e-01 -4.712270000000000070e-01
6.319675090760192404e+00 -6.034707000000000043e+00 1.556049999999999933e+00 1.297990999999999895e+00 -1.645329000000000041e+00 -8.780689999999999884e-01 -6.855740000000000167e-01
6.606933049431110483e+00 -6.499684000000000239e+00 1.293749000000000038e+00 1.074696000000000096e+00 -1.584238999999999953e+00 -9.400410000000000155e-01 -8.573309999999999542e-01
6.894191008102028562e+00 -6.942604000000000219e+00 1.018980999999999915e+00 8.082279999999999465e-01 -1.497058999999999918e+00 -9.566120000000000179e-01 -9.909270000000000023e-01
7.181448966772946640e+00 -7.361229999999999940e+00 7.501759999999999540e-01 5.069869999999999655e-01 -1.419251999999999958e+00 -8.906089999999999840e-01 -1.097949000000000064e+00
7.468706925443864719e+00 -7.753195999999999977e+00 5.155589999999999895e-01 1.826010000000000133e-01 -1.268053000000000097e+00 -7.144850000000000367e-01 -1.135972999999999900e+00
7.755964884114781910e+00 -8.075006000000000128e+00 3.442439999999999944e-01 -1.397720000000000073e-01 -9.317729999999999624e-01 -4.781659999999999799e-01 -1.090791000000000066e+00
8.043222842785699100e+00 -8.281136000000000053e+00 2.391050000000000120e-01 -4.365490000000000204e-01 -4.934279999999999777e-01 -2.594779999999999864e-01 -9.417219999999999480e-01
8.330480801456618067e+00 -8.360001999999999711e+00 1.935360000000000136e-01 -6.725609999999999644e-01 -7.030400000000000538e-02 -6.530400000000000094e-02 -6.838889999999999691e-01
8.617738760127535258e+00 -8.326283999999999352e+00 1.988910000000000122e-01 -8.269779999999999909e-01 2.920050000000000145e-01 9.203200000000000269e-02 -3.879610000000000003e-01
8.904996718798454225e+00 -8.194371999999999545e+00 2.429830000000000045e-01 -8.953290000000000415e-01 6.238949999999999774e-01 2.014009999999999967e-01 -9.041399999999999437e-02
9.192254677469371416e+00 -7.968626000000000431e+00 3.105740000000000167e-01 -8.806929999999999481e-01 9.418959999999999555e-01 2.570250000000000035e-01 1.832509999999999972e-01
9.479512636140288606e+00 -7.656018000000000434e+00 3.882539999999999880e-01 -7.928190000000000515e-01 1.219097000000000097e+00 2.803860000000000241e-01 4.208290000000000086e-01
