0.000000000000000000e+00 -9.637774000000000285e+00 2.722000000000000027e-03 3.328999999999999928e-03 2.003235999999999795e+00 3.015500000000000125e-02 3.710399999999999809e-02
3.619223488793208987e-01 -9.274983999999999895e+00 1.091400000000000009e-02 1.342899999999999996e-02 2.005558000000000174e+00 5.856800000000000200e-02 7.460400000000000365e-02
7.238446977586417974e-01 -8.911917000000000755e+00 2.391899999999999929e-02 3.032999999999999932e-02 2.006440000000000001e+00 8.330899999999999417e-02 1.124720000000000025e-01
1.085767046637962752e+00 -8.184240000000000848e+00 6.161799999999999916e-02 8.500699999999999923e-02 2.018685000000000063e+00 1.206799999999999956e-01 1.906619999999999981e-01
1.447689395517283595e+00 -7.450671999999999962e+00 1.094920000000000060e-01 1.687029999999999919e-01 2.032265999999999906e+00 1.384219999999999895e-01 2.725099999999999745e-01
1.809611744396604438e+00 -6.714690000000000047e+00 1.597919999999999896e-01 2.822279999999999789e-01 2.029725000000000001e+00 1.347589999999999899e-01 3.534999999999999809e-01
2.171534093275925503e+00 -5.984389000000000181e+00 2.060639999999999972e-01 4.235119999999999996e-01 1.996129999999999960e+00 1.212990000000000040e-01 4.226809999999999734e-01
2.533456442155246346e+00 -5.272439000000000320e+00 2.486430000000000029e-01 5.861380000000000479e-01 1.934104999999999963e+00 1.175439999999999957e-01 4.699459999999999749e-01
2.895378791034567190e+00 -4.585371000000000308e+00 2.919669999999999765e-01 7.615380000000000482e-01 1.863067000000000029e+00 1.226479999999999931e-01 4.937830000000000275e-01
3.257301139913888033e+00 -3.922407000000000199e+00 3.366500000000000048e-01 9.416660000000000030e-01 1.804797999999999902e+00 1.181109999999999938e-01 4.963779999999999859e-01
3.619223488793208876e+00 -3.278805999999999887e+00 3.741929999999999978e-01 1.118746999999999936e+00 1.747691000000000106e+00 7.877699999999999980e-02 4.750070000000000126e-01
3.981145837672529719e+00 -2.661092000000000013e+00 3.906830000000000025e-01 1.282186000000000048e+00 1.648039999999999949e+00 1.134600000000000018e-02 4.200650000000000217e-01
4.343068186551851007e+00 -2.091352000000000100e+00 3.847130000000000272e-01 1.421332000000000040e+00 1.498162999999999911e+00 -3.624000000000000138e-02 3.460030000000000050e-01
4.704990535431171850e+00 -1.574156000000000111e+00 3.663250000000000117e-01 1.531420999999999921e+00 1.367118999999999973e+00 -6.371100000000000374e-02 2.587260000000000115e-01
5.066912884310492693e+00 -1.100346000000000046e+00 3.383269999999999889e-01 1.606786000000000048e+00 1.254787000000000097e+00 -9.275300000000000211e-02 1.507060000000000066e-01
5.428835233189813536e+00 -6.665450000000000541e-01 2.987719999999999820e-01 1.637332999999999927e+00 1.129907999999999912e+00 -1.244920000000000054e-01 9.707999999999999616e-03
5.790757582069134379e+00 -2.898740000000000205e-01 2.499800000000000078e-01 1.612406000000000006e+00 9.301899999999999613e-01 -1.383079999999999865e-01 -1.441810000000000036e-01
6.152679930948455223e+00 1.500000000000000031e-03 2.006709999999999883e-01 1.535913000000000084e+00 6.734750000000000458e-01 -1.315119999999999900e-01 -2.725609999999999977e-01
6.514602279827776066e+00 1.969180000000000097e-01 1.548920000000000019e-01 1.416476999999999986e+00 4.057609999999999828e-01 -1.225019999999999998e-01 -3.861740000000000173e-01
6.876524628707096909e+00 2.952359999999999984e-01 1.113819999999999949e-01 1.256240999999999941e+00 1.367430000000000034e-01 -1.200350000000000028e-01 -4.980760000000000187e-01
7.238446977586417752e+00 2.948950000000000182e-01 6.712200000000000111e-02 1.056200000000000028e+00 -1.420659999999999978e-01 -1.273259999999999947e-01 -6.067930000000000268e-01
7.600369326465738595e+00 1.911069999999999991e-01 1.811899999999999969e-02 8.173420000000000130e-01 -4.343040000000000234e-01 -1.463879999999999904e-01 -7.112309999999999466e-01
7.962291675345059438e+00 -1.979399999999999910e-02 -3.946399999999999908e-02 5.428530000000000300e-01 -7.289619999999999989e-01 -1.700699999999999990e-01 -7.975919999999999677e-01
8.324214024224380282e+00 -3.350040000000000240e-01 -1.018099999999999977e-01 2.452449999999999908e-01 -1.007447999999999899e+00 -1.549780000000000046e-01 -8.235029999999999850e-01
8.686136373103702013e+00 -7.474189999999999445e-01 -1.404690000000000105e-01 -4.133799999999999975e-02 -1.273009999999999975e+00 -2.279899999999999982e-02 -7.229600000000000470e-01
9.048058721983021968e+00 -1.256631999999999971e+00 -1.080529999999999963e-01 -2.658099999999999907e-01 -1.529349000000000069e+00 2.122779999999999945e-01 -4.898640000000000216e-01
9.409981070862343699e+00 -1.841456999999999899e+00 9.504000000000000295e-03 -3.878690000000000193e-01 -1.653021000000000074e+00 4.122120000000000228e-01 -1.698749999999999982e-01
