0.000000000000000000e+00 -9.788259000000000043e+00 -1.116999999999999937e-03 1.489999999999999897e-04 2.001666999999999863e+00 -2.111599999999999935e-02 2.827000000000000086e-03
2.116534735957599223e-01 -9.576340000000000074e+00 -4.468999999999999882e-03 5.980000000000000072e-04 2.003579999999999917e+00 -4.246899999999999981e-02 5.774999999999999752e-03
4.233069471915198445e-01 -9.364195000000000491e+00 -1.010600000000000040e-02 1.371000000000000040e-03 2.005523999999999862e+00 -6.427099999999999480e-02 8.965000000000000746e-03
6.349604207872797668e-01 -9.151863999999999777e+00 -1.807200000000000126e-02 2.495999999999999955e-03 2.007223000000000201e+00 -8.669200000000000517e-02 1.244199999999999993e-02
8.466138943830396890e-01 -8.939358999999999611e+00 -2.845400000000000013e-02 4.003999999999999747e-03 2.008232000000000017e+00 -1.100590000000000040e-01 1.620399999999999965e-02
1.058267367978799722e+00 -8.726815000000000211e+00 -4.136700000000000099e-02 5.924999999999999711e-03 2.008262000000000214e+00 -1.340689999999999937e-01 2.019699999999999968e-02
1.269920841574559534e+00 -8.514302999999999955e+00 -5.682999999999999857e-02 8.278999999999999901e-03 2.007973999999999926e+00 -1.581750000000000100e-01 2.432099999999999887e-02
1.481574315170319345e+00 -8.089496000000000464e+00 -9.538399999999999657e-02 1.429700000000000068e-02 2.005157000000000078e+00 -2.057549999999999935e-01 3.236300000000000288e-02
1.693227788766079378e+00 -7.665648000000000017e+00 -1.437910000000000021e-01 2.190699999999999939e-02 1.999490999999999907e+00 -2.507880000000000109e-01 3.908899999999999875e-02
1.904881262361839411e+00 -7.454221999999999682e+00 -1.714739999999999875e-01 2.619600000000000053e-02 1.995964999999999989e+00 -2.720810000000000173e-01 4.173700000000000326e-02
2.116534735957599445e+00 -7.032659999999999911e+00 -2.334350000000000036e-01 3.549599999999999977e-02 1.986965000000000092e+00 -3.127610000000000112e-01 4.579300000000000037e-02
2.328188209553359034e+00 -6.613165000000000404e+00 -3.037290000000000267e-01 4.553800000000000209e-02 1.976569999999999938e+00 -3.507170000000000010e-01 4.904000000000000026e-02
2.539841683149119067e+00 -6.196178999999999881e+00 -3.817180000000000017e-01 5.626899999999999957e-02 1.963141000000000025e+00 -3.854190000000000116e-01 5.253200000000000230e-02
2.751495156744879100e+00 -5.782212999999999603e+00 -4.667040000000000077e-01 6.782399999999999540e-02 1.947540999999999967e+00 -4.170490000000000030e-01 5.696699999999999681e-02
2.963148630340638690e+00 -5.372018999999999878e+00 -5.581209999999999782e-01 8.047600000000000586e-02 1.928361999999999910e+00 -4.458639999999999826e-01 6.318100000000000105e-02
3.174802103936398723e+00 -4.965874999999999595e+00 -6.552620000000000111e-01 9.472300000000000164e-02 1.909346999999999905e+00 -4.714189999999999769e-01 7.216699999999999504e-02
3.386455577532158756e+00 -4.563881000000000299e+00 -7.576190000000000424e-01 1.111369999999999997e-01 1.888852999999999893e+00 -4.961940000000000239e-01 8.326799999999999480e-02
3.598109051127918789e+00 -4.166214000000000084e+00 -8.655840000000000201e-01 1.300920000000000132e-01 1.867072000000000065e+00 -5.250949999999999784e-01 9.717599999999999849e-02
3.809762524723678823e+00 -3.775599000000000149e+00 -9.796439999999999593e-01 1.524550000000000072e-01 1.804947000000000079e+00 -5.472580000000000222e-01 1.110600000000000059e-01
4.021415998319438856e+00 -3.405947999999999976e+00 -1.095634999999999915e+00 1.756159999999999943e-01 1.679141999999999912e+00 -5.427840000000000442e-01 1.007470000000000032e-01
4.233069471915198889e+00 -3.065161999999999942e+00 -1.208560999999999996e+00 1.941269999999999940e-01 1.544473999999999902e+00 -5.222959999999999825e-01 7.230300000000000615e-02
4.444722945510958034e+00 -2.751100999999999797e+00 -1.316638999999999893e+00 2.061900000000000122e-01 1.427701000000000109e+00 -4.989910000000000179e-01 4.207899999999999835e-02
4.656376419106718068e+00 -2.460087000000000135e+00 -1.419810000000000016e+00 2.120060000000000000e-01 1.324543999999999944e+00 -4.763379999999999836e-01 1.289700000000000048e-02
4.868029892702478101e+00 -2.190125000000000099e+00 -1.518394999999999939e+00 2.115769999999999873e-01 1.226750000000000007e+00 -4.558260000000000089e-01 -1.768099999999999880e-02
5.079683366298238134e+00 -1.940925999999999929e+00 -1.612876999999999894e+00 2.042700000000000071e-01 1.127035999999999927e+00 -4.373960000000000070e-01 -5.308999999999999830e-02
5.291336839893998167e+00 -1.713359999999999994e+00 -1.703592999999999913e+00 1.886190000000000089e-01 1.020026000000000099e+00 -4.193520000000000025e-01 -9.735199999999999410e-02
5.502990313489758201e+00 -1.510440999999999923e+00 -1.789887000000000006e+00 1.627530000000000088e-01 8.894440000000000124e-01 -3.906100000000000128e-01 -1.453129999999999977e-01
5.714643787085518234e+00 -1.338127999999999984e+00 -1.867493999999999987e+00 1.280930000000000124e-01 7.371240000000000014e-01 -3.379280000000000062e-01 -1.779550000000000021e-01
5.926297260681277379e+00 -1.198228000000000071e+00 -1.932541999999999982e+00 8.784899999999999654e-02 5.855960000000000054e-01 -2.764639999999999875e-01 -2.016969999999999874e-01
6.137950734277037412e+00 -1.090327999999999964e+00 -1.984482000000000079e+00 4.280500000000000277e-02 4.324100000000000166e-01 -2.134089999999999876e-01 -2.229619999999999935e-01
6.349604207872797446e+00 -1.015732000000000079e+00 -2.022574999999999790e+00 -6.109999999999999980e-03 2.694489999999999941e-01 -1.445740000000000081e-01 -2.361959999999999893e-01
6.561257681468557479e+00 -9.771879999999999455e-01 -2.045034999999999936e+00 -5.636499999999999844e-02 8.705699999999999550e-02 -6.270199999999999385e-02 -2.355289999999999884e-01
6.772911155064317512e+00 -9.813669999999999893e-01 -2.047661999999999871e+00 -1.058209999999999984e-01 -1.386060000000000070e-01 4.519000000000000100e-02 -2.350589999999999902e-01
6.984564628660077545e+00 -1.037624000000000102e+00 -2.024452999999999836e+00 -1.565219999999999945e-01 -3.996640000000000192e-01 1.806240000000000068e-01 -2.439459999999999962e-01
7.196218102255837579e+00 -1.152066999999999952e+00 -1.970223999999999975e+00 -2.083359999999999934e-01 -6.861709999999999754e-01 3.324059999999999793e-01 -2.419520000000000004e-01
7.407871575851597612e+00 -1.327742999999999896e+00 -1.884560999999999931e+00 -2.587949999999999973e-01 -9.673019999999999952e-01 4.676830000000000154e-01 -2.349239999999999939e-01
7.619525049447357645e+00 -1.559689000000000103e+00 -1.775360000000000049e+00 -3.072699999999999876e-01 -1.216471999999999998e+00 5.487340000000000551e-01 -2.203440000000000121e-01
7.831178523043116790e+00 -1.841776000000000080e+00 -1.654770000000000074e+00 -3.522710000000000008e-01 -1.449265000000000025e+00 5.813570000000000126e-01 -2.111490000000000034e-01
8.042831996638877712e+00 -2.173594000000000026e+00 -1.531600999999999990e+00 -3.989240000000000008e-01 -1.685346999999999928e+00 5.698929999999999829e-01 -2.410170000000000090e-01
8.254485470234637745e+00 -2.554387999999999881e+00 -1.415920000000000067e+00 -4.564449999999999896e-01 -1.908605000000000107e+00 5.152360000000000273e-01 -3.115390000000000104e-01
8.466138943830397778e+00 -2.979124999999999801e+00 -1.314321999999999990e+00 -5.314370000000000482e-01 -2.078196000000000154e+00 4.455399999999999916e-01 -3.917149999999999799e-01
8.677792417426156035e+00 -3.425301000000000151e+00 -1.227141000000000037e+00 -6.185180000000000122e-01 -2.092619000000000007e+00 3.732260000000000022e-01 -3.948809999999999820e-01
8.889445891021916069e+00 -3.858258000000000187e+00 -1.157030999999999921e+00 -6.907649999999999624e-01 -1.986620999999999970e+00 2.950650000000000217e-01 -2.711129999999999929e-01
9.101099364617676102e+00 -4.265653999999999613e+00 -1.100522999999999918e+00 -7.327270000000000172e-01 -1.857572999999999919e+00 2.410349999999999993e-01 -1.277469999999999994e-01
9.312752838213436135e+00 -4.642731000000000385e+00 -1.056540000000000035e+00 -7.464129999999999932e-01 -1.696013999999999911e+00 1.599379999999999968e-01 -1.431200000000000007e-02
9.524406311809196168e+00 -4.817413000000000167e+00 -1.042599000000000053e+00 -7.456599999999999895e-01 -1.601569999999999938e+00 9.889299999999999480e-02 2.316000000000000003e-02
9.736059785404956202e+00 -5.134357999999999755e+00 -1.035878000000000076e+00 -7.337080000000000268e-01 -1.377807000000000004e+00 -4.109899999999999665e-02 9.925200000000000689e-02
