0.000000000000000000e+00 -9.866664000000000101e+00 -4.399999999999999886e-05 5.000000000000000409e-06 2.000070000000000014e+00 -1.302999999999999905e-03 1.669999999999999935e-04
1.333333333333333592e-01 -9.733323999999999643e+00 -1.740000000000000010e-04 2.199999999999999943e-05 2.000274999999999803e+00 -2.490000000000000026e-03 5.389999999999999826e-04
2.666666666666667185e-01 -9.599961000000000411e+00 -3.759999999999999779e-04 7.700000000000000139e-05 2.000926999999999900e+00 -3.458000000000000136e-03 1.255999999999999955e-03
4.000000000000000777e-01 -9.333011000000000834e+00 -9.370000000000000074e-04 3.849999999999999798e-04 2.003702999999999790e+00 -4.723999999999999901e-03 3.771000000000000046e-03
5.333333333333334370e-01 -9.065585999999999700e+00 -1.601999999999999908e-03 1.147000000000000016e-03 2.008007999999999793e+00 -4.956999999999999601e-03 8.257000000000000450e-03
6.666666666666667407e-01 -8.797523999999999234e+00 -2.213999999999999822e-03 2.688999999999999984e-03 2.012669999999999959e+00 -3.834999999999999867e-03 1.578099999999999989e-02
8.000000000000001554e-01 -8.528999999999999915e+00 -2.560000000000000209e-03 5.459999999999999576e-03 2.013383999999999840e+00 -8.999999999999999754e-04 2.580700000000000008e-02
9.333333333333335702e-01 -8.260906999999999556e+00 -2.422000000000000108e-03 9.391999999999999307e-03 2.006873999999999825e+00 3.011999999999999920e-03 3.090599999999999944e-02
1.066666666666666874e+00 -7.993801999999999630e+00 -1.745000000000000023e-03 1.343699999999999929e-02 2.000417999999999807e+00 7.413000000000000318e-03 2.857200000000000017e-02
1.200000000000000178e+00 -7.727427999999999741e+00 -3.890000000000000228e-04 1.692199999999999954e-02 1.994744999999999990e+00 1.328799999999999946e-02 2.333899999999999864e-02
1.333333333333333481e+00 -7.461988999999999983e+00 1.809999999999999977e-03 1.964099999999999874e-02 1.985988000000000087e+00 1.944699999999999901e-02 1.749600000000000113e-02
1.466666666666667007e+00 -7.197932999999999915e+00 4.747000000000000351e-03 2.161799999999999833e-02 1.973694999999999977e+00 2.455799999999999997e-02 1.249199999999999963e-02
1.600000000000000311e+00 -6.935993999999999993e+00 8.427999999999999728e-03 2.302900000000000086e-02 1.950930000000000053e+00 3.111399999999999930e-02 9.015999999999999709e-03
1.733333333333333615e+00 -6.678291999999999895e+00 1.297599999999999969e-02 2.401199999999999862e-02 1.912927000000000044e+00 3.620299999999999907e-02 5.516000000000000070e-03
1.866666666666667140e+00 -6.425759000000000221e+00 1.801399999999999876e-02 2.451700000000000060e-02 1.876859999999999973e+00 3.899799999999999794e-02 2.533999999999999794e-03
2.000000000000000444e+00 -6.177546000000000426e+00 2.331300000000000039e-02 2.477700000000000041e-02 1.847974000000000006e+00 3.995499999999999746e-02 2.116999999999999958e-03
2.133333333333333748e+00 -5.932787000000000255e+00 2.860400000000000095e-02 2.518000000000000099e-02 1.824569000000000107e+00 3.901199999999999807e-02 4.682000000000000398e-03
2.266666666666667052e+00 -5.690910999999999831e+00 3.366500000000000048e-02 2.614500000000000157e-02 1.803485999999999922e+00 3.648599999999999760e-02 1.082600000000000055e-02
2.400000000000000355e+00 -5.451958000000000304e+00 3.827799999999999953e-02 2.820900000000000143e-02 1.779222999999999999e+00 3.240699999999999831e-02 2.092300000000000063e-02
2.533333333333333659e+00 -5.216763000000000261e+00 4.230400000000000132e-02 3.175800000000000151e-02 1.746197999999999917e+00 2.824000000000000121e-02 3.214199999999999696e-02
2.666666666666666963e+00 -4.986572999999999922e+00 4.586099999999999899e-02 3.675599999999999701e-02 1.704978000000000105e+00 2.530100000000000057e-02 4.283599999999999908e-02
2.800000000000000711e+00 -4.762312999999999796e+00 4.899400000000000283e-02 4.315999999999999698e-02 1.657092000000000009e+00 2.061500000000000138e-02 5.246399999999999675e-02
2.933333333333334014e+00 -4.544906000000000112e+00 5.121599999999999764e-02 5.055500000000000271e-02 1.603255000000000097e+00 1.261100000000000068e-02 5.660300000000000054e-02
3.066666666666667318e+00 -4.334774999999999601e+00 5.253200000000000230e-02 5.799300000000000288e-02 1.549101999999999979e+00 9.740000000000000394e-03 5.313899999999999874e-02
3.200000000000000622e+00 -4.131870000000000154e+00 5.426299999999999873e-02 6.450899999999999690e-02 1.491314000000000028e+00 1.886900000000000036e-02 4.317200000000000204e-02
3.333333333333333925e+00 -3.937736000000000125e+00 5.760599999999999749e-02 6.939399999999999735e-02 1.417402999999999968e+00 3.079799999999999899e-02 3.028799999999999895e-02
3.466666666666667229e+00 -3.754414000000000140e+00 6.258400000000000074e-02 7.267800000000000649e-02 1.325514000000000081e+00 4.492499999999999966e-02 1.933199999999999849e-02
3.600000000000000533e+00 -3.584947000000000106e+00 6.962200000000000333e-02 7.460899999999999477e-02 1.214803999999999995e+00 6.057099999999999984e-02 1.052100000000000084e-02
3.733333333333334281e+00 -3.430649999999999977e+00 7.867399999999999394e-02 7.549100000000000255e-02 1.098923000000000094e+00 7.407999999999999308e-02 1.425000000000000051e-03
3.866666666666667584e+00 -3.291758000000000184e+00 8.921199999999999963e-02 7.484000000000000374e-02 9.865329999999999933e-01 8.327500000000000180e-02 -1.095100000000000066e-02
4.000000000000000888e+00 -3.167324999999999946e+00 1.008649999999999963e-01 7.275099999999999623e-02 8.807749999999999746e-01 9.181599999999999484e-02 -1.843200000000000047e-02
4.133333333333333748e+00 -3.056992000000000154e+00 1.137269999999999948e-01 7.017500000000000127e-02 7.720129999999999493e-01 1.003340000000000065e-01 -1.957199999999999912e-02
4.266666666666667496e+00 -2.961638999999999911e+00 1.273569999999999980e-01 6.739799999999999958e-02 6.592529999999999779e-01 1.019150000000000056e-01 -2.372799999999999909e-02
4.400000000000001243e+00 -2.880964000000000080e+00 1.406469999999999942e-01 6.364300000000000512e-02 5.518960000000000532e-01 9.562800000000000467e-02 -3.387099999999999833e-02
4.533333333333334103e+00 -2.814417000000000169e+00 1.526309999999999889e-01 5.827000000000000235e-02 4.465569999999999817e-01 8.265300000000000424e-02 -4.668699999999999933e-02
4.666666666666667851e+00 -2.761785000000000156e+00 1.625379999999999880e-01 5.129299999999999832e-02 3.443990000000000107e-01 6.529100000000000181e-02 -5.677800000000000208e-02
4.800000000000000711e+00 -2.722332000000000196e+00 1.700119999999999965e-01 4.328300000000000203e-02 2.480159999999999865e-01 4.648399999999999754e-02 -6.243900000000000144e-02
4.933333333333334458e+00 -2.696038000000000157e+00 1.747080000000000022e-01 3.483300000000000285e-02 1.419930000000000081e-01 2.124200000000000046e-02 -6.219100000000000322e-02
5.066666666666667318e+00 -2.684712999999999905e+00 1.754400000000000126e-01 2.691999999999999948e-02 2.777599999999999861e-02 -1.080500000000000037e-02 -5.575100000000000194e-02
5.200000000000001066e+00 -2.688693999999999917e+00 1.718330000000000135e-01 1.998799999999999882e-02 -9.046700000000000574e-02 -4.293399999999999994e-02 -4.845300000000000301e-02
5.333333333333333925e+00 -2.709970999999999908e+00 1.641019999999999979e-01 1.399399999999999950e-02 -2.399110000000000131e-01 -6.988199999999999967e-02 -4.174699999999999939e-02
5.466666666666667673e+00 -2.753648999999999791e+00 1.539679999999999938e-01 8.548999999999999308e-03 -4.160499999999999754e-01 -7.561800000000000466e-02 -4.295600000000000113e-02
5.600000000000001421e+00 -2.820113000000000092e+00 1.446830000000000060e-01 2.420999999999999975e-03 -5.711819999999999675e-01 -6.167899999999999772e-02 -4.814100000000000323e-02
5.733333333333334281e+00 -2.904774999999999885e+00 1.372950000000000004e-01 -4.344999999999999904e-03 -6.908750000000000169e-01 -5.161000000000000310e-02 -5.679900000000000226e-02
5.866666666666668029e+00 -3.003385000000000193e+00 1.306579999999999964e-01 -1.317199999999999968e-02 -7.835530000000000550e-01 -4.908799999999999969e-02 -7.612700000000000022e-02
6.000000000000000888e+00 -3.113652999999999782e+00 1.241460000000000063e-01 -2.456500000000000003e-02 -8.723480000000000123e-01 -5.076100000000000056e-02 -9.530500000000000083e-02
6.133333333333334636e+00 -3.235972999999999988e+00 1.164390000000000008e-01 -3.893900000000000139e-02 -9.588600000000000456e-01 -6.835299999999999709e-02 -1.240880000000000039e-01
6.266666666666667496e+00 -3.368910000000000071e+00 1.061070000000000069e-01 -5.759600000000000136e-02 -1.036191000000000084e+00 -8.028100000000000513e-02 -1.485640000000000016e-01
6.400000000000001243e+00 -3.512766000000000055e+00 9.675699999999999579e-02 -7.767899999999999805e-02 -1.122460000000000013e+00 -4.390000000000000152e-02 -1.522350000000000092e-01
6.533333333333334991e+00 -3.667734999999999967e+00 9.591800000000000326e-02 -9.772000000000000131e-02 -1.192849999999999966e+00 3.289500000000000063e-02 -1.303420000000000134e-01
6.666666666666667851e+00 -3.829009999999999803e+00 1.047119999999999995e-01 -1.098709999999999964e-01 -1.211370999999999976e+00 9.608200000000000074e-02 -4.790900000000000020e-02
6.800000000000001599e+00 -3.989284000000000052e+00 1.220799999999999941e-01 -1.110759999999999942e-01 -1.189569000000000099e+00 1.651900000000000035e-01 2.420900000000000135e-02
6.933333333333334458e+00 -4.146075999999999873e+00 1.476049999999999862e-01 -1.043950000000000017e-01 -1.158020000000000049e+00 2.108079999999999954e-01 6.790400000000000602e-02
7.066666666666668206e+00 -4.297176000000000329e+00 1.788319999999999910e-01 -9.352699999999999902e-02 -1.094244999999999912e+00 2.622659999999999991e-01 9.805300000000000127e-02
7.200000000000001066e+00 -4.435791000000000039e+00 2.170920000000000072e-01 -7.796599999999999364e-02 -9.807540000000000147e-01 3.060620000000000007e-01 1.283289999999999986e-01
7.333333333333334814e+00 -4.559447999999999723e+00 2.599770000000000136e-01 -6.070699999999999708e-02 -8.822870000000000434e-01 3.329739999999999922e-01 1.248269999999999935e-01
7.466666666666668561e+00 -4.671765999999999863e+00 3.051929999999999921e-01 -4.462599999999999900e-02 -7.944010000000000238e-01 3.387609999999999788e-01 1.225470000000000032e-01
7.600000000000001421e+00 -4.768527999999999878e+00 3.487339999999999884e-01 -2.672599999999999976e-02 -6.450390000000000290e-01 3.017440000000000122e-01 1.537119999999999875e-01
7.733333333333335169e+00 -4.844219999999999970e+00 3.846200000000000174e-01 -3.284000000000000027e-03 -4.939430000000000209e-01 2.308610000000000106e-01 1.966259999999999952e-01
7.866666666666668029e+00 -4.899836999999999776e+00 4.096310000000000229e-01 2.515299999999999828e-02 -3.356709999999999972e-01 1.372299999999999909e-01 2.226930000000000021e-01
8.000000000000001776e+00 -4.933146999999999949e+00 4.200090000000000212e-01 5.443599999999999828e-02 -1.558680000000000065e-01 1.441199999999999946e-02 2.004170000000000118e-01
8.133333333333334636e+00 -4.939905000000000435e+00 4.140710000000000224e-01 7.721899999999999598e-02 5.969000000000000000e-02 -9.537299999999999944e-02 1.408729999999999982e-01
8.266666666666667496e+00 -4.917900999999999634e+00 3.949630000000000085e-01 9.205699999999999994e-02 2.595660000000000189e-01 -1.929480000000000084e-01 7.847600000000000409e-02
8.400000000000002132e+00 -4.872697999999999752e+00 3.627259999999999929e-01 9.772500000000000631e-02 4.014269999999999783e-01 -2.907830000000000137e-01 5.217000000000000283e-03
8.533333333333334991e+00 -4.812511999999999901e+00 3.171120000000000050e-01 9.367799999999999738e-02 4.956409999999999982e-01 -3.871149999999999869e-01 -6.123200000000000170e-02
8.666666666666667851e+00 -4.741420999999999886e+00 2.623369999999999869e-01 8.151300000000000212e-02 5.576689999999999703e-01 -4.026950000000000252e-01 -1.261750000000000094e-01
8.800000000000002487e+00 -4.666017000000000081e+00 2.138859999999999928e-01 6.030100000000000043e-02 5.604820000000000357e-01 -3.039649999999999852e-01 -1.825640000000000041e-01
8.933333333333335347e+00 -4.592532000000000281e+00 1.820289999999999964e-01 3.407299999999999912e-02 5.452360000000000539e-01 -1.810420000000000085e-01 -2.008850000000000080e-01
9.066666666666668206e+00 -4.519966000000000150e+00 1.636779999999999902e-01 7.813999999999999765e-03 5.393470000000000208e-01 -1.122879999999999989e-01 -1.834240000000000037e-01
9.200000000000001066e+00 -4.449722999999999651e+00 1.495539999999999925e-01 -1.289299999999999995e-02 5.152219999999999578e-01 -1.124860000000000027e-01 -1.149639999999999967e-01
9.333333333333335702e+00 -4.381969999999999921e+00 1.330500000000000016e-01 -2.209099999999999953e-02 5.015629999999999811e-01 -1.328610000000000069e-01 -2.336699999999999888e-02
9.466666666666668561e+00 -4.315996000000000166e+00 1.151260000000000061e-01 -2.004999999999999838e-02 4.897980000000000111e-01 -1.288719999999999866e-01 4.150399999999999923e-02
9.600000000000001421e+00 -4.251304000000000194e+00 9.939199999999999424e-02 -1.293300000000000005e-02 4.771440000000000126e-01 -1.025409999999999933e-01 5.594400000000000067e-02
9.733333333333336057e+00 -4.190455000000000041e+00 8.781600000000000517e-02 -5.937999999999999702e-03 4.164390000000000036e-01 -7.516200000000000658e-02 3.857599999999999918e-02
