1.109398421290615833e+00 6.583155461829586219e-01 5.455030227275970978e-01 5.480175197294430145e-01 5.394992607549268238e-01 2.999884693142829128e-01
1.112584121679989435e+00 9.583117026210529188e-01 5.470761386782667657e-01 5.591312234795349223e-01 1.086405834014497751e-01 0.000000000000000000e+00
1.519938801258859051e+00 5.986342543361784507e-01 7.648996498936234678e-01 7.508151048542215378e-01 1.987551984174774633e-01 1.987705726651001203e-01
2.017720845744736202e+00 8.377606895862532710e-01 1.003854791832910376e+00 1.014080921456296913e+00 7.687123811384033445e-06 1.493731150531820706e-01
1.952258879542823511e+00 9.871876145061150298e-01 8.134948558647188133e-01 1.244696313495446294e+00 0.000000000000000000e+00 0.000000000000000000e+00
2.331630660906768071e+00 9.659619282381367578e-01 1.104969024454390381e+00 1.171848015593738968e+00 1.234552084107387593e-03 3.203807176186324046e-02
6.398708146206067759e+00 9.843618277930522575e-01 3.292158602963183078e+00 3.160928703158394804e+00 1.234552084107387593e-03 1.363817220694774068e-02
2.949997399278986965e+00 9.767577249188367228e-01 1.737210422364414031e+00 1.717368859530365999e+00 2.476791292026159219e-03 2.124227508116327545e-02
8.229966694850551434e+00 9.161232297194454866e-01 4.046811664066331637e+00 3.994960823926712479e+00 1.086328962776383911e-01 3.087917635030734687e-02
1.434217106341842474e+01 8.252552765699028292e-01 3.637018418164275957e+00 3.801729239926190829e+00 1.308625209153826408e-01 9.012230213983896121e-02
2.561027994340944147e+01 8.837373771021079794e-01 6.384319486978597524e+00 6.055718765257640968e+00 7.687123811384033445e-06 1.142626228978920189e-01
3.041566358000773107e+01 8.748648987990149672e-01 5.673670346561326738e+00 5.094230737155740485e+00 2.469104168214775186e-03 1.231351012009850310e-01
5.621878950107147688e+01 9.431772932612109139e-01 3.174250242598414928e+01 3.121211669933985178e+01 1.219177836484619526e-03 5.482270673878908429e-02
5.295902850483048496e+01 6.938746435096332377e-01 1.432629276594505541e+01 1.442335831629563359e+01 9.753730176829478182e-02 9.752961464448328677e-02
7.989452527715981489e+01 5.130765663155358869e-01 4.020688608361155048e+01 4.084014359422982920e+01 1.234552084107387593e-03 4.849234336844641113e-01
1.418488502610366027e+02 5.715663539715525321e-01 7.097927692751828488e+01 7.007009709468738379e+01 5.740667191099335653e-01 3.604968956831674509e-01
1.520441079294790541e+02 6.332017126911850813e-01 2.030828401510967751e+01 1.945931223511129815e+01 1.086328962776383911e-01 1.888787817446183626e-01
2.573979928442201413e+02 5.115083930580147653e-01 5.509903269216525246e+01 5.541993629819796752e+01 1.493808021769934546e-01 1.913555730366444108e-01
3.440915332951451546e+02 8.814896620996609533e-01 1.711900923221260200e+02 1.759035182887995461e+02 1.242239207918771626e-03 1.165103379003390449e-01
